-7.447361642967407214e-01
-9.672744515370115259e-01
-1.629094610464330017e-01
8.139699061748799647e-01
-8.845085890638149095e-01
-4.464426600651330013e-01
3.861012253986599863e-01
-9.303943039315343277e-02
-9.627382304800551349e-01
6.385042746108275935e-01
4.962195826367186147e-01
5.235144385577590320e-01
1.399199119799283686e-01
-7.189511344000276694e-02
1.423866557861710458e-01
-8.172134685372194340e-01
-4.241228610152145695e-01
4.323611654761128076e-01
8.194896143027619040e-01
-3.187322895559929758e-01
2.179371300536379064e-01
5.900441518244030625e-01
2.077219226488409287e-01
3.054290275282334211e-01
-1.949719341551745533e-01
-1.647860976037078817e-01
1.630242950311886485e-01
5.223386818558384270e-01
-9.622473442525198983e-01
-9.448036932288619294e-01
-5.205466295493090811e-01
-9.743245324954576958e-01
-3.650352842270461196e-01
-2.999866008417195751e-02
-7.623366174057844002e-01
5.232493640794120271e-01
-4.947090777641927062e-01
-9.056817977682274368e-01
6.216763195175709633e-01
7.317154599882715882e-01
-1.815894827807773559e-02
2.810025333819878846e-01
-7.370708927389757470e-01
-7.463852631464358289e-01
4.415254345236852007e-01
2.700989465006986556e-02
-9.845825840872941548e-01
5.384542739848412474e-01
8.705398260215393424e-01
-1.074991505945412928e-01
-7.165419368809193834e-01
7.336550164727080325e-01
-8.884624734258281809e-01
5.679420993525245986e-01
4.987271592620092786e-01
2.620791212003006354e-01
-6.109686850796034463e-01
1.839876460734872765e-01
-2.547165292662989522e-02
-8.343566519943479420e-02
4.489243567515126543e-01
-6.544478971247040811e-01
-8.590861699216851832e-01
-4.507181365383421401e-01
-3.446051627583570642e-01
9.531415809606658129e-01
-5.730288529485705329e-01
4.148070937442662753e-01
5.948893169583950868e-01
3.010217362126181850e-01
9.309350547866548364e-01
-8.655535395874620619e-01
-8.375864682469364997e-01
8.559720088589408693e-01
-4.588115988605914186e-01
1.194338000305463776e-01
-2.602330203161262734e-01
5.613475409265913374e-01
3.782278278057984444e-01
-2.720633528462066408e-01
-7.286399830824168422e-01
7.068031076168883597e-01
9.198958429645307522e-01
1.222510750741527819e-01
2.093679424682481915e-01
2.211843156384261100e-01
-6.327604917674736207e-01
8.860533971898918448e-01
6.823019227021200894e-01
6.651566219863811469e-01
4.979199478317515304e-01
4.294226377463477018e-01
5.048781475222208215e-01
9.228301098805893332e-01
-1.128970292412390108e-02
4.652897549770007579e-02
6.880831794301922599e-01
-8.855122036919305106e-01
-1.678229899043692797e-01
8.604245303801707490e-01
-7.708299483677460984e-04
-1.546623181627639898e-01
7.488705002792541698e-01
3.795004106158126334e-01
-3.284026176977379308e-01
7.726969248605592977e-01
4.886365605024578507e-01
7.249951349794112598e-01
-8.816661986839264831e-01
-5.399877641499899461e-01
6.747530138821744572e-01
-1.899334596607313852e-01
5.152722050836016088e-01
1.060156751085206128e-01
-3.134342944908177220e-01
6.816681272488567256e-01
5.825800616521799036e-01
3.429769888718947612e-01
1.158684887959406939e-01
5.877135825572588068e-01
9.003297467250128694e-01
5.662103931061390760e-02
4.727673908087841603e-01
6.438234756934582137e-01
-5.059267237229367886e-01
4.517937481844906955e-01
4.199597195081228307e-01
1.001281188238289932e-01
2.127409188740170265e-02
-9.600134846341079609e-01
6.617691124474260889e-01
-4.106863881444997588e-01
4.866438203701632936e-01
-8.931989551345547174e-01
-2.898190205298079025e-01
-6.198163775777514317e-01
-8.611519706085883907e-01
-7.774861437594426938e-02
-6.942444839071095775e-01
7.146806186352030466e-01
-2.462269637560161595e-01
7.777808187876782409e-01
-4.628001372674821479e-01
9.704479707993343141e-01
-5.422337592740757994e-01
-4.699478809365287280e-01
-7.208211134669813003e-01
-5.580991529500343162e-01
5.733610108173590181e-01
5.867693446464405937e-01
-1.984146829715343063e-01
-5.998330457592842002e-01
5.721379711031788773e-01
-6.216986093554077719e-02
6.891882799956556838e-01
-6.968708095995264085e-01
8.006097037349908518e-01
1.159439663820016619e-01
-8.297860182509546600e-01
-3.434257341686592913e-01
6.113737185239280780e-01
5.777706657228895981e-01
-8.047198449427863665e-01
7.637739158096217285e-01
-8.666724877186309239e-01
1.305423011319992721e-01
5.846201392289784859e-01
1.173538991968237077e-02
-5.431289669655070540e-01
6.374756509362964341e-01
-1.273427741374113520e-01
6.657763440860764437e-01
9.316034316043915187e-01
-3.926784233376858779e-01
9.921831720676184130e-01
-6.783952866531952619e-01
7.057191675986396184e-02
9.715366670803413651e-01
-7.720798076552704003e-02
9.410457740773483515e-01
8.369595305740153979e-01
5.534492137634550168e-02
7.621238054011119090e-01
-8.453552637791226232e-01
2.002760626816240119e-01
9.997661223770741845e-01
-1.660472581557919103e-01
8.975540863138495862e-01
1.502320713437923505e-01
-8.340309234124656523e-01
-8.107084412164335951e-01
4.378050729814018105e-01
-8.075534120832448259e-01
6.596866242231098632e-01
-7.959663317557337248e-01
-6.926382729254825232e-01
4.559307680587365574e-02
-8.655604951946904713e-02
-3.711326371929342116e-01
6.629459513588442654e-01
3.174180138197919554e-01
-4.369992064702930001e-01
-9.997643008384451413e-01
-6.978088962650279559e-01
-1.448962605148778060e-01
-4.193034247897733380e-01
1.255687472712596620e-01
-5.074235703744125470e-01
5.453245083583051489e-01
-9.887095480859269259e-01
-2.930430570576982863e-01
-9.070812137468902137e-01
-2.425013953535870570e-01
-7.665360798002260889e-01
-5.678764393314923442e-01
-4.399288888005696840e-01
-2.353906772247464918e-01
-4.171536007075462571e-01
2.628738343868008975e-02
-4.126374213603223318e-01
6.067794575090272868e-01
-3.937064931795981604e-01
-5.540538151142393453e-02
-7.703540875988776904e-01
6.180180631595182383e-01
-8.552879323205475615e-02
8.508705661019784205e-01
4.919370067154267279e-01
-5.331992356003192324e-01
5.671403089234403616e-01
3.174878259434543715e-02
2.708832418051074775e-01
2.556519198545093019e-02
8.461849996940182805e-01
2.045986286519978492e-01
2.660550041991105452e-02
-8.406188055136678550e-01
-8.839761633996645607e-01
-6.869472027917549184e-01
-4.187898141939827568e-01
-4.190193650327027619e-01
-5.066279614878328452e-01
-8.940889048694296015e-01
-8.162404513779406567e-01
7.066177927371939393e-01
-2.769159179355484834e-01
-9.865556704123403797e-01
-9.777347154181763589e-01
-4.421014278684243237e-02
4.882561470248323321e-01
-1.809100948744009063e-01
-8.897285795060683178e-01
-7.694852384345345353e-01
-7.457230917981712004e-01
2.718252713424029743e-01
5.292081385639415547e-01
6.385560247155908087e-02
9.024414654017889337e-01
-2.056796238779265984e-01
-5.153542047927068825e-01
-9.854007268938229647e-01
6.619385049133141852e-01
-9.351203208866465388e-02
-6.398275397235924089e-01
-8.179686404789143772e-01
7.244801869131520800e-01
-5.054780872929478530e-01
-1.720589943029837698e-02
-8.029291009277230717e-01
-9.540547553907519074e-01
-6.422589598756935914e-01
6.024190989392055329e-01
-5.365847088233834938e-01
8.824258454726281453e-01
6.504418795864082004e-01
9.591533617614926843e-01
3.149698495828576750e-01
4.889369173857689432e-01
4.385242303562320032e-02
3.741779872128685458e-01
-7.109783197188896953e-01
8.389326310425242461e-01
-6.815467587886281375e-01
-8.962505217290133164e-01
5.863215901844174294e-01
7.755423246512656021e-01
7.058185079510037596e-01
-4.487505241331479766e-02
-8.053273321010552266e-01
2.731047725718920294e-01
-3.609188910364165004e-01
1.540519534160205151e-01
-5.838180452065904191e-01
4.978402231393048716e-01
-5.577531822919599147e-01
-7.822958916345472691e-01
3.368298192284790993e-02
6.906331690709399673e-01
2.635078287360013150e-01
2.165345469921853283e-01
