7.613040452544781456e-01
-4.550670887197771908e-01
-9.910151118555348138e-01
-4.954005713917952747e-02
-5.751118897009788178e-01
9.105021716074392923e-01
6.466999004256583916e-01
2.625060113432098330e-01
-5.055955923860557810e-01
5.367218880249551294e-01
7.797429463144824879e-01
-8.279446864982358267e-01
-5.835322064346244453e-01
3.586475352064681932e-01
-4.661775169711113165e-02
-5.131614660994543442e-03
-8.310635583606658106e-01
6.858993516648772548e-01
-8.823761135286081192e-01
6.496245096127555296e-01
4.852870860276292664e-01
6.355463977942619191e-01
3.317774900843590835e-01
2.538285419290837730e-01
-1.744482999049499217e-01
6.053541742923254088e-01
-4.985534168127676580e-01
9.387297219523114133e-01
9.044341208826223166e-01
-5.753908333508357398e-01
9.339186618045205446e-01
4.288540134891176692e-01
9.743814906282519672e-01
-9.455466828042096150e-01
2.532234116506384414e-01
7.613897715045159220e-01
4.331583242507701659e-01
9.444160067899185496e-01
-1.873658202643098125e-01
-5.814443441417793679e-02
5.699299618201503215e-02
-1.695153793787178564e-01
3.889706117235587346e-01
-2.121361199946567577e-01
9.474432354553934399e-01
-7.049180218025843381e-01
9.704858768156237048e-01
5.214567254716364619e-01
-2.149094112927174560e-01
-2.678306188174215396e-01
6.281353895838481805e-01
1.069062202580191023e-01
7.001388574985287772e-01
6.478141805888579796e-01
6.182649999593230472e-01
3.531696223892266673e-01
1.458668519755268456e-02
6.162777788009785596e-01
-5.786468571700851271e-01
-2.381996038643339197e-01
-5.191424837261877645e-01
8.051635192606012570e-01
2.172289081800671262e-01
-5.185923240202685580e-01
-5.380784849593118757e-01
4.683117162209815554e-01
9.002835640713255927e-01
1.315526120474017624e-01
7.396481355214268305e-02
2.538880442892743616e-02
7.369982584861798358e-01
7.994889320819227319e-01
-8.395099681299342809e-01
8.819565559493496298e-01
2.302921842537131170e-02
7.783560571775625103e-01
-5.735948065106415417e-01
-4.911464471768596241e-01
-5.146722832961256877e-01
-5.058949370642691346e-01
2.266133064687567700e-01
5.967673986052826063e-01
-9.994653508074835546e-01
5.540967264355050048e-01
-6.661854457577811583e-01
-9.016785133629663385e-01
-7.392546990257677919e-01
-9.505794274055576754e-01
4.441175720490109224e-01
-6.921711365312097630e-01
-4.109142145698545523e-01
7.929268055003491078e-01
2.678603441823927955e-01
4.852111726945258496e-01
-7.155066496143338561e-01
5.040948123420596616e-02
-9.229468256670625426e-01
-1.357938938594323020e-01
4.133669304443641224e-01
8.498554333960579577e-01
-7.481533175675230130e-01
-8.640394069965837698e-01
5.605313467155221829e-01
-3.398603365813059884e-01
-2.728941794592987247e-01
4.428455248675078337e-02
4.009948622785044492e-01
9.244266702670260738e-01
-5.742783208420187968e-02
-5.788933430647369427e-02
-4.736316222584737723e-01
9.828996410196144673e-02
3.298536072525783958e-01
4.979526562275999879e-01
-8.347087964633090884e-01
1.880003829318332986e-01
-2.358592925522164929e-01
-6.982884056439044862e-01
-3.685617000052907599e-01
-1.164927790096954574e-01
-4.822678636328447954e-01
6.682816253620873503e-01
-3.328164858281503768e-01
5.603186320823740907e-01
2.831010376773934745e-01
3.333945775507667353e-01
-3.699698478970032678e-01
8.489299407012915744e-01
6.620549240045947581e-01
-9.308158109005901792e-01
4.093791179610433151e-01
-2.395775932628181337e-01
-6.922815456118367461e-01
-8.670060654788316334e-01
-7.002063031427894213e-01
4.199139074089284218e-01
-9.769115064210196486e-01
-9.135788412854621843e-01
8.243683576228555410e-01
3.330980684394169167e-01
-7.371643608391953428e-01
7.475474169159508353e-01
3.863359369799346243e-01
3.011173219180207639e-02
-2.311843445068317848e-01
-4.846734851455243298e-01
-2.611043653410949350e-01
6.716944127857997771e-01
-9.436082147546511756e-01
-3.707761431355072190e-01
5.422924067945746884e-01
9.108714120290728467e-02
9.869288419344468544e-02
-8.572866283892244255e-02
-7.457660198617734881e-01
2.998146186500736388e-01
1.961826312241199410e-02
1.713612318550521429e-01
-6.343202925738420372e-01
-2.263648604873216286e-01
-2.398983453662140164e-01
4.851753997767531690e-01
-2.555613203648592346e-01
-8.986018795752208632e-01
-1.156326256944728570e-02
-4.287579269533177140e-01
-8.901220786652934702e-01
6.494884176980584289e-01
1.374532245191926183e-01
5.068239699241861018e-03
9.908637601587888533e-02
4.363714959966877860e-01
-3.784295451285391021e-01
8.548589898738101489e-01
-9.984375019176841004e-01
-7.986058215529732163e-01
8.983281025342768622e-01
1.542028789656544330e-01
5.696969048139877145e-01
-3.115365675006342983e-01
-9.757455189033570342e-01
-6.566780316575662191e-01
5.927426004157314576e-01
5.873324574930933739e-01
-3.282289470510437734e-01
9.488367404918700565e-01
-8.712216583851337681e-01
7.833950448926760846e-01
7.714403062651153942e-01
9.137668792773792070e-01
-4.803157086862031022e-02
5.293251068225615086e-01
-6.511875271488405392e-01
-2.808182455236094555e-01
1.816297497062027144e-01
9.488389728643076282e-01
-8.107711717922119199e-01
6.915275534557143722e-01
4.446572543383329190e-01
-2.741937226518023074e-01
-5.659738660563593537e-01
-5.654218448102552586e-01
3.304615434661184459e-02
-9.194622266273824174e-01
8.224297161624416486e-01
-6.988200261038179928e-01
9.336406233408300892e-02
-2.152097174180527261e-01
2.370971878934626798e-01
1.666680519922258963e-01
-4.475973121138117072e-01
4.007744095819250063e-01
-6.331759254948274851e-01
-6.703476815742170913e-02
1.542793498542727182e-01
-3.590995543732753426e-01
3.749159631126828263e-01
3.514121539065548916e-01
-6.036958935593008668e-01
5.582844556298729444e-01
-4.869861807967432732e-01
-2.728193654784110134e-01
-8.222709928974412108e-01
8.897033271019549883e-01
1.588907498138130148e-01
4.552182297486173645e-01
6.657412820197072811e-01
2.075745443077485763e-01
-5.792584453618814244e-01
-1.527619341059591740e-01
-9.394700110247471425e-01
-1.407969400462656395e-01
-6.556596379929637841e-01
-8.212919129937779061e-01
-6.801592346508993359e-01
1.847133212210363418e-01
8.712618140588377358e-01
9.969776974490467403e-01
2.234203359531259370e-01
5.012577672820606178e-01
-6.015767343561857494e-01
-8.293640307792302657e-01
-1.089987614088474555e-01
6.531864268688329922e-01
-6.569665430300952735e-01
7.118796939872178431e-01
6.462115893845574721e-01
5.708843771860587779e-01
-9.067658505024061011e-01
-7.151298326900090707e-02
-3.878369815159647960e-01
6.529461056639478400e-01
8.762563838531698401e-01
5.412205680469244218e-01
-4.100059738936308040e-01
-7.844027087788090213e-01
1.184834250847481840e-01
4.437514253785912466e-02
2.140970322221309452e-01
-9.033464778639939130e-01
-8.643309444932574248e-01
-7.146106635132887241e-02
-9.181562518758961122e-01
-8.291455350821912429e-01
-3.283235907752162230e-01
5.787723610732509183e-01
-9.987475528050564488e-01
5.733466410283081238e-01
2.261803159462862922e-01
-8.305199582644542389e-01
4.018349638006006863e-01
-2.932438059057040913e-01
-6.218674382291946579e-01
8.603605377901604179e-01
-9.969421344962701159e-01
-7.611456241912368803e-01
8.751484906720441437e-02
-5.260613252753558733e-01
4.567855237182083528e-01
-8.032366298661901549e-01
-3.713004108446558149e-01
-6.139138792342946349e-01
-7.889681657252090030e-01
-2.563369115860623104e-01
-8.715584687510034012e-01
7.267154933322372834e-01
8.854291558438427412e-01
1.291760079824075813e-01
-5.920534755901893931e-01
-6.763938963989055697e-01
4.531972175619958243e-01
-8.091923857953520205e-01
6.374874651201392073e-01
6.821267820596430553e-01
-3.850593573667930869e-01
-7.459834438074555152e-01
5.137570374774811377e-01
-3.203544108035887295e-01
8.301220381861353914e-01
-5.167931304644548529e-01
