-4.412828577924969853e-01
-5.121871826359649660e-01
1.208891687992523778e-01
-5.439293067568131690e-01
-1.889093210204177975e-01
-4.289195743579223841e-01
-3.788693790289854313e-01
5.200125971683182691e-01
-5.273897523002106791e-01
-5.653008549122562343e-01
-8.704933372884626763e-02
5.624865951911293127e-01
-9.846436012047730113e-01
1.564363278770528609e-01
-6.390389441330861509e-01
-1.073139826581053224e-01
2.931218186724910968e-01
8.257073371021672603e-01
5.531867907354770519e-01
-7.696784430210366068e-01
-9.197106456300823130e-01
3.917047820680830128e-01
-4.908056413579322541e-01
-6.861266083629948831e-01
1.157315837206542852e-01
7.565322476811890962e-01
-4.829439305686984429e-01
6.036275179867749419e-01
-9.164702102239963288e-02
3.794217546150382425e-01
1.431223402317427507e-02
-1.722209059811274923e-01
-7.994963348677519566e-01
-3.943437331154473480e-01
-1.126499802443585718e-01
-9.740492867838972391e-01
-8.465517526181742802e-01
8.319404275872501753e-01
-7.911501068104955792e-01
8.282067646106183734e-01
1.101465887740400440e-01
-4.897448863959301679e-01
-3.311639395136030117e-01
2.923050408095237973e-01
-3.030370242827640226e-01
-4.820107789069498772e-01
-8.382980411754767935e-01
5.347621025723976462e-01
3.955997640374935287e-01
-6.047396591195468574e-01
-6.767570459334464328e-01
4.172520512465474063e-01
7.860297696217544150e-02
1.858181240926806144e-01
9.083081871958569309e-01
8.966964953497349455e-01
6.823375438091199285e-01
-7.064210540177573439e-01
8.253052310081949727e-01
6.654398793093811992e-01
-4.038556891017779371e-01
-1.342459645620985853e-01
2.461413511804566578e-01
8.988953850100844800e-01
-3.572549782469127688e-01
4.610339814684116799e-01
1.777167519370568272e-01
2.253089513196731009e-01
9.382983088809102590e-01
3.918330361728392663e-01
-1.764439269856723502e-01
-8.955632438129985662e-01
8.953938898572739724e-01
5.853374690905988054e-02
3.035605588492122919e-01
-2.785211792499326933e-01
-5.763195811924681777e-02
-4.464358123235512288e-02
-6.698722005518076283e-01
1.790972453403028020e-01
-5.946007285721386371e-01
5.665260150231790082e-01
2.322725804184389009e-01
4.855802331337684130e-01
6.496434201247083262e-01
8.448799053656264046e-01
9.791608793038293346e-01
-7.277002946460076060e-01
-3.588792748630502683e-01
-1.487615807553688274e-01
5.018787267461854995e-02
-3.825321604593137081e-01
4.151891723003602319e-01
-8.831362881280966359e-01
8.347513998026707682e-01
-6.333156313254659775e-01
9.743127581654256186e-01
1.301313502589702686e-01
4.092204408358712797e-01
7.505931420045321989e-01
4.971968021492745304e-01
9.673901099406696513e-01
-1.699899716865549415e-02
6.485189663863224485e-01
1.474667799575688498e-01
6.561951762479250050e-01
-3.181607117011366892e-01
5.109273580891744437e-01
3.914440734274411415e-01
2.805080588544681675e-01
5.343354657879781922e-01
-3.980910098259544672e-01
5.842575749967342524e-01
-3.522691937208242141e-01
-1.769319602939471991e-01
-2.315283314530787173e-01
7.987354274166185153e-01
-2.325119044246375388e-01
-1.533024968550669165e-01
-8.539989202522968448e-01
1.481776411311799269e-01
-3.265276604350431100e-01
-9.315252167371064207e-01
9.776476942833833839e-01
-2.392987493499767471e-01
-1.057469008478459926e-01
-3.172510000379968886e-02
1.733922969348331566e-01
-7.403135940390226377e-01
-4.063985289124789624e-01
9.595452318494341881e-01
7.285351931654688862e-01
1.353884825767779354e-01
-9.069689907145466190e-01
-9.785005266987008010e-01
-6.601000485117802796e-01
-3.908722956809604909e-01
-9.765701090457965527e-01
8.218613794597577904e-01
-4.523465460849640518e-01
-8.684383292002899601e-01
-4.273453115925056611e-01
-5.042403428459454329e-01
1.195128249262558118e-01
-3.442720841114463859e-01
5.082148529232244361e-01
-1.401834421424204002e-01
8.062021863726545057e-01
6.680531532713593901e-01
-6.488376584016106730e-01
3.368534296825254071e-01
-8.809768085183278252e-02
-9.024713385449125713e-01
-9.449043616888577191e-01
6.403089020015031441e-01
4.012494708481355588e-01
-1.624613995558268353e-01
5.713470348178484315e-03
-4.597617228802315381e-01
-4.653287332082256533e-02
-7.486985055933987887e-01
4.746486309927910874e-01
2.623499278043892602e-01
9.982764512291075754e-02
-1.011435790345658337e-01
2.385780009398670298e-01
-3.774937909944360293e-01
-3.854852563561983469e-01
-6.031251726392548029e-01
1.831335146857293594e-03
-2.848594162344182390e-01
-3.593458184880882200e-01
-1.126186518684764160e-01
-4.486004290323850618e-01
-9.020515138018454504e-01
1.840081988410968705e-01
-9.202126969566428727e-01
7.797513747663193939e-01
5.685666816628698328e-02
8.331110796323255574e-01
-9.490104870254727487e-01
-4.929365496864446250e-01
8.181363924299593915e-01
-7.126923769752602222e-01
-9.101801718693516285e-01
-7.358849042481157010e-01
-2.337351087316601461e-01
-4.903279509611446763e-02
1.834641418915843314e-01
-4.227142143392736973e-01
7.768951708010174428e-03
-1.320640610542478388e-01
9.685520104291709398e-01
-5.532967205253713772e-01
9.313741993736304181e-01
2.635517367430857405e-01
-5.638078344672470266e-01
-4.942756663004677087e-02
-8.561627564061731199e-01
9.910545756554458574e-01
-9.199471507632965839e-01
-2.504489213227241162e-01
-4.749805997021252502e-01
5.372042013637832181e-01
-4.295179913458477827e-01
-2.845485162664600498e-01
-1.850145238126750247e-01
7.783156698642366145e-01
-6.990382708204501139e-01
-1.172120939856595712e-01
6.716456585295584869e-01
5.103955315650994251e-01
-6.837167089009865695e-01
-2.908909336620237873e-01
3.771141978536256545e-01
7.826428913128506970e-01
4.150057291751443334e-01
-2.628528035814672315e-01
9.723935166381225681e-01
8.748420099940128480e-01
4.623111492060676397e-01
-5.909031355179394929e-02
6.849019226703523255e-01
6.272577728591040014e-01
-5.821363986766590060e-01
9.054521817420135843e-01
-2.845180728049139240e-01
6.063845645989900390e-01
8.234999060916423641e-01
-6.517515822090840238e-01
7.904191657483070621e-01
-3.854224009761124670e-01
-8.450135394273081690e-01
6.128569267431034362e-01
-1.836329444600286465e-01
8.295723663497174272e-01
2.117027284212387173e-01
-5.966211477283667186e-02
-4.748980841894341332e-01
4.278405680086496687e-01
6.709408856691885248e-01
9.304810125959597222e-01
7.304227370345039994e-01
7.095755823960800956e-01
9.271378903922866677e-02
-3.380298227400180266e-01
-9.350257242568074112e-01
-3.417882253788637748e-01
-8.960200715913191338e-01
-8.648646526580550109e-02
-3.553739645554601090e-01
-5.122181929240190446e-01
-1.464836405153489007e-01
4.542210857690571757e-01
5.025753625142448389e-01
5.794197074972331496e-01
1.912419651051413538e-01
-7.768238147559225482e-01
6.483936681304760530e-01
7.495807024990888134e-01
-6.097876232955397047e-01
6.147984011218337042e-01
-6.081989569068433354e-01
5.073764606260435794e-01
1.140236421602744965e-01
-1.982579223511318212e-01
4.005182535667262123e-01
4.426629097280767589e-01
6.194864212254598268e-01
1.749639592538421162e-02
4.839269931131799929e-01
-5.451947515712642911e-01
-2.758729343315657889e-01
-8.918312793751570489e-01
2.903079698112385199e-01
6.464554276902823027e-02
-2.306426729522936814e-01
-4.742713799233277960e-01
7.683703102048025091e-01
-8.061438828333125084e-01
6.821753904676086666e-01
-2.367352780942295620e-01
-9.837961762534741528e-01
1.075551069079703215e-01
-8.130685375014721217e-01
-3.677043757062288254e-01
-1.323314884914457146e-01
6.799486584310421300e-02
4.667304538718910489e-01
9.244626357948551032e-01
1.365210975558812656e-01
1.462607719017070540e-01
-2.848612864625310603e-01
4.822338064793088019e-01
3.433359572683127858e-01
7.803955829703501657e-02
-9.646024221135978127e-01
5.622032620968075989e-02
4.380396353703810419e-01
-3.039759255079834688e-01
