-7.533670268531724723e-01
-1.054880202771577569e-01
6.449086949059323892e-01
5.908288304789079959e-01
-7.325363375538593846e-01
-4.118781815257646084e-01
-5.676543144472234736e-01
-8.941236723904295580e-01
8.510226530463624872e-01
3.609224141691269594e-02
8.017756022412740879e-01
-6.678901847290021898e-01
7.056772864651010835e-01
-5.241685989149187375e-01
-7.404257980507547021e-01
1.866432263312847173e-01
2.254705538002186316e-01
-4.361789165595264528e-01
4.792872601668618504e-01
5.472772759691821864e-01
7.072183538991656526e-01
4.613740830842902874e-01
3.337132042865518233e-01
6.868574577333197428e-01
-9.568395484393945605e-01
-8.956192324413609906e-01
5.754231562123353072e-01
-9.403138768027050620e-01
5.112694332804683661e-01
-1.174061890228319527e-01
1.217148542541257594e-01
-5.249915661921749077e-01
-9.328383794524166550e-01
8.749936172279650926e-01
-9.768691112137424248e-01
-3.268963832852660456e-01
-7.844869187785512565e-01
-4.430284809637377030e-01
2.663573931229148428e-01
9.070365267910829310e-02
-8.018069815652308918e-01
5.778003407259419966e-01
2.795354755330055063e-01
-6.463811712161400269e-01
2.285563350136312621e-01
7.383669253834352908e-01
3.594348469228125786e-02
6.519957353605680961e-01
4.734651090683781316e-01
1.312449302011171604e-01
9.522861469231145293e-01
1.576911448747386757e-01
1.761953526377486590e-01
-4.477010737801065954e-01
-9.854723096953614814e-01
1.680405767697614738e-01
2.813169583799959295e-01
3.864137713701272236e-01
-8.905694723479753439e-01
4.903784748000508120e-01
3.938847706562307316e-01
-4.172139456455266071e-01
-3.320168352906474052e-01
-2.754441410247769895e-01
-4.043174343112800884e-01
-3.437906556865928387e-01
1.444580277231064525e-01
-8.831679676290784542e-01
-5.637681737278743554e-03
8.432369198243594433e-02
-5.248164269553599048e-01
-7.654152536159350984e-01
5.154224921694006145e-01
-4.552831418331686475e-01
3.931593789113760895e-01
-2.460438076133018015e-01
-8.330746379653746203e-01
5.808753104057167160e-01
7.128687696319375711e-01
8.952324983007580173e-01
6.087693774904554544e-01
6.474831090862289695e-01
-1.027950359015359361e-01
-8.940110195689954242e-01
-2.930723559347352403e-01
-2.969353957168381353e-01
-3.502588108500725994e-01
-2.867881598520736208e-01
-3.589802151832992561e-01
-6.727226161085617662e-01
-5.276611059533524717e-01
-9.615145953495800590e-01
9.690164982627460510e-01
-8.898994329416871629e-01
8.229283365197792577e-02
5.385808731236323421e-01
5.298107703141097247e-02
-4.576709903526432477e-02
7.377197156544961221e-01
7.959220685234789094e-01
-4.391866501296739500e-01
-5.050923367512540896e-01
6.942425868494497276e-01
-6.876703607910064076e-01
-1.515534238058087180e-01
-3.561270117023895843e-02
-3.839395995679379947e-01
4.356852270275013428e-01
-2.064020685287302204e-01
-8.054433793710891187e-02
6.849609999917636305e-01
-3.181912369885200320e-01
-2.488471622422057106e-01
-8.327631731721543140e-01
5.118924366817219074e-01
7.356013544119766046e-02
6.790867287395330187e-01
6.124851807062519082e-01
8.328671691823437140e-01
-7.408868547228899537e-01
-9.559833549835261568e-01
3.475680799398932486e-01
3.511267630034775600e-02
-6.909650141946057644e-01
-1.533027219085938420e-01
-7.004487987502403534e-01
1.602618297570845840e-01
4.994649269819342319e-01
6.939326336025040121e-01
3.875503161787516859e-01
7.978498201267836265e-02
-3.168861279760692984e-01
1.333009259512116795e-01
-3.566966184729070122e-02
2.493881596380231880e-01
8.691568042085291435e-01
7.342925428823461331e-01
-6.986033836061156244e-02
-2.252814111534044983e-01
5.764920946693998793e-01
-1.876294282707036132e-02
-5.123864388692673799e-01
3.845964235300631806e-01
-3.518963708239586374e-01
-3.844064962493918269e-01
3.401666631975563959e-02
7.394254462375871029e-02
-6.990290827215694947e-04
7.463093748063407418e-01
4.018503598113478681e-01
-2.749225661617642480e-01
-2.349065977391147086e-01
4.453290375847103189e-01
-3.596531675403922268e-01
-6.556517909461636595e-01
2.499001741061261939e-01
-9.571032180494483121e-01
-1.727214807323271817e-01
1.546506125477502547e-01
-7.932202247067472456e-01
-5.510054788135889670e-01
8.646367109094981185e-01
4.038407855154517723e-01
5.637918376200874437e-01
9.873737931519976918e-01
-1.267565239367329788e-01
-9.420931886097569929e-01
-4.009962880958055642e-01
4.658979952239710176e-01
-7.466407279251359164e-01
-2.518517681250374007e-01
5.300142298581174138e-01
-3.759752666914142338e-01
5.361156499517791829e-01
-2.391784150288260857e-01
-6.045970480547040449e-01
-9.271398436342042082e-01
-3.165130137419829293e-01
9.755156980570922620e-01
5.444481972676038506e-01
6.250109884193055798e-02
6.836379169543922441e-01
8.862121291641138487e-01
-9.394766703972909916e-01
-6.145110185251632107e-01
6.766458158821233582e-01
7.108372168849192985e-01
-4.336406675629360663e-01
2.153594246854262373e-01
-5.884862360442768558e-01
-4.840426423834385261e-01
-6.542793536784796693e-02
4.443069652781650447e-01
8.718868569463538165e-01
-7.783374151445903166e-01
8.017947001631275938e-01
9.662147849287241463e-01
-2.935753045821631879e-02
-4.115770330149308709e-01
6.059734273062016285e-01
-1.860857922531240494e-01
-7.654984934281992004e-01
-2.657943558360200687e-01
-5.859627584814754986e-01
-7.890059131465565478e-02
3.008112004004399598e-01
-7.480848800901105378e-01
-3.939934338959381055e-01
4.703606520509335809e-01
9.844120167402639066e-01
1.595372346142038822e-01
4.854449270585250442e-01
1.024527499839640310e-01
-6.677127216997158499e-01
9.713650238805571213e-02
-7.537373139926715204e-01
2.955973607176884954e-01
4.311628358398313932e-01
-2.392314728400013468e-01
-5.406198660577921089e-01
-8.333533518529443462e-01
2.665379140220132115e-01
2.666295112836400971e-01
-1.787283588142256630e-01
-5.189122477173913062e-01
2.557538748304188925e-01
4.918622103386116606e-01
7.133870326522881999e-01
-3.790604559399397555e-01
6.263879392987541372e-01
-2.126073585948407008e-01
2.612252161635744141e-01
-4.918384622545060036e-01
4.520260227450718649e-01
-4.295762017632451801e-01
-3.923242352823306245e-01
1.803319895271127127e-01
3.584810505227655764e-01
-9.914001597506107988e-01
-2.156605103619209096e-01
3.071547857376033530e-01
4.837297413695968995e-01
2.945047481751874585e-01
3.787622192963331358e-01
-4.493418471873493747e-01
4.051480428281071244e-01
4.644883985213843491e-01
2.408798676240484493e-01
9.277612090109033094e-01
-9.717349374823824881e-01
-3.658568605568524035e-02
-9.460029355637495918e-01
8.748419149223731761e-01
-5.288396288714283244e-01
8.969881431955355477e-01
9.198810932909182725e-01
-8.672421275206603219e-01
7.268949477517923086e-01
8.663131748710337643e-01
-6.965086359081371636e-01
3.667245865843498098e-01
-7.012303736252805120e-01
-2.712804633346010963e-01
-6.334525497302287977e-01
9.153477158604597097e-01
-3.806977166715310723e-01
-8.122255722237947673e-02
9.208194229654931284e-01
-8.610478071899667629e-01
-7.288389666675958445e-01
5.932602153830164315e-01
-3.365464356109204580e-01
7.916718973525114222e-01
-1.231402042098528327e-01
7.941319004918236946e-01
5.930066619891245505e-01
-3.278025089226588307e-01
7.858075783809002068e-01
7.170902240335583766e-01
-2.156995846695908270e-01
-7.029356978197114358e-01
-6.491248612354689751e-01
4.906064256802766810e-01
1.437429176144986442e-01
5.299584726782566868e-01
5.881449037719546080e-01
2.601887479916884516e-01
-3.945504759353042346e-01
5.906628132445932433e-01
-3.486427416431336912e-01
-7.032161517287627284e-01
8.447498976753566868e-01
6.696232618980071383e-01
-8.081739922002506571e-01
6.541286696317127891e-02
-4.491044164981594644e-01
-5.960103668769569651e-01
1.630962408347114145e-01
6.843564151305914223e-01
9.252230188139438649e-01
