3.349555018548480145e-01
1.121470901323862179e-02
-7.716083149826993282e-01
-2.235870732779483561e-01
-9.228047113373485377e-01
2.959982606441069475e-01
6.609652643838392905e-01
-1.037246972289127545e-01
-1.759246276899428807e-02
-8.921021660676258236e-01
7.622541393216499817e-01
-1.807885280608276801e-01
-7.602453702447979911e-01
-1.344885621764919659e-01
-4.272246056786448420e-01
9.688038057192127628e-01
3.135863480608447329e-01
-4.725342331462363266e-01
8.546634093810270283e-01
-8.501076783642214085e-01
4.211804824173825956e-01
-2.528340198410883310e-02
-4.681070672056713011e-01
5.662288130219228499e-02
7.883478723774433039e-01
-6.138222371316781611e-02
-7.779344453535206316e-01
7.780934572775735081e-01
-6.443364394916148985e-01
-3.961451088992715697e-01
-3.255658769518383622e-01
3.570054918314213843e-01
-5.607601360330713991e-01
7.424941855359539211e-01
1.276674296913538065e-02
1.636978175711707451e-01
-2.203404464659310946e-01
2.357951150849599831e-01
-1.989159576622099301e-01
7.973302208007173597e-01
-9.383663353585700584e-01
8.085537128398609941e-01
7.127264317292079099e-01
7.483201375204291406e-01
4.088180500065961009e-01
-7.375502132695979096e-01
-7.686383995786902901e-01
1.310365677823599473e-01
9.063788071596705631e-01
9.214028902688782274e-01
-3.627619467511260520e-01
6.947773440088553798e-01
7.227775156457580952e-01
-1.794341445280027703e-01
-9.786201416976589851e-01
7.921582613297517561e-02
-2.841420703463106712e-01
-6.029852228683132420e-01
-8.230258562403247602e-02
-5.506842892960022162e-01
-3.951025076583922768e-01
1.352856003940376972e-01
-3.734627714799354514e-01
4.395358057141935948e-01
-9.289256764279254508e-01
7.693366504517293869e-01
-3.754000928832099682e-01
6.867000495752451084e-01
-9.975637392583480700e-01
-9.530125914196001524e-01
1.645599292989312623e-01
-3.446133681341445598e-01
7.538600620071347347e-01
-5.172452418452757605e-01
4.562918349110105520e-01
7.395576710630957784e-01
5.958031240431274078e-01
-9.685359607705668061e-02
4.078494907814829151e-01
-7.491662010702957453e-01
-2.208845219798045711e-01
7.137199022870537313e-01
-4.782049023824881395e-01
5.934650912896688446e-01
9.272699344204486938e-01
-3.795528394985550058e-01
4.820248058748093367e-01
5.863276162990145313e-01
4.303446843278944112e-01
6.994761206492494665e-01
-5.544138678332324321e-01
5.237268579630616205e-01
-5.827184931216102814e-01
-2.938259761710471096e-01
4.705962740944300560e-01
-2.588811814939462330e-02
9.079235912761836058e-01
-4.412335791464314649e-01
2.749017360845653624e-01
-2.150654844459087833e-02
-7.404663521660541647e-01
7.752913632145970180e-01
1.401108250056601889e-01
3.396129346894167789e-01
2.422131090043582180e-01
-3.647502146907763976e-01
6.614887812818361912e-01
-6.433746830067816891e-01
7.982826311828561394e-02
-4.393048374942656320e-01
-8.560277426543381196e-01
6.923086969173837257e-01
5.682316408062086932e-01
4.850975527356709005e-01
-8.946373062868184789e-02
8.824382727345234656e-01
7.017708949347984948e-01
-3.119684022952884384e-02
-8.702136706251666354e-01
8.420874962626907489e-01
7.472487051598435404e-01
-5.105153146283243348e-01
-3.269668940069991869e-01
-1.376170303638208914e-01
-9.660710898986235584e-02
-9.011070278203014983e-01
-6.089428566928904996e-01
1.704688042797439795e-01
1.687649098057675268e-01
-9.605928369494571850e-01
3.636235417962738747e-01
7.939552037863661926e-01
-5.315821184033753255e-02
7.258763229873288481e-03
-9.909891871377474182e-01
-7.667680350282379820e-01
-4.284131868834681889e-01
-3.153686782498850150e-01
-4.854541024223391066e-01
-9.734842446643154901e-02
9.340576551976134123e-01
-6.936077358597223519e-01
9.076068875771745592e-01
-6.993167780683642309e-01
4.673397470419384803e-01
-8.431250608307634398e-01
5.272171925554853811e-01
3.489647662367547643e-01
1.273084727922060289e-01
-5.113236864547485716e-01
6.963136150245265998e-01
4.785000823208767073e-01
9.975911199549918340e-01
-5.588902107411786169e-01
-3.068414073168834744e-01
5.497520118748069340e-01
-3.205862648577162410e-01
9.695347097783422186e-01
-6.207448138522322356e-01
-3.504533885405942684e-01
1.649349298282931642e-01
7.357853886576002367e-01
4.604345202022841477e-01
-2.698057916239950949e-01
-5.411691524727246794e-02
-7.643842915388114889e-01
-3.159996939133975502e-01
8.024262455927673177e-01
4.687373481859478108e-01
4.452166658099427909e-01
-7.034698053118111361e-01
1.650800474076967728e-01
2.168136746648421376e-01
8.245410844412195406e-01
-7.712543037652577205e-01
9.595610405838270740e-01
3.771766082202177017e-01
-8.452141736690810259e-01
-7.702555451363048977e-01
5.281737217944477703e-01
6.759773462384379705e-01
8.646446628643906784e-01
-7.496369645261817816e-01
2.763654442098422148e-01
2.264228492609976495e-01
7.854912626476220350e-01
-8.551017891657142211e-01
5.726430314015065193e-01
2.187771019096791392e-01
4.322788715638470336e-02
-1.876090641239536172e-01
6.365480543209973696e-01
9.722024908337538740e-01
5.559155060956502137e-01
-5.690435639284550096e-01
8.562590657761135482e-01
-5.170868112406932227e-01
1.285863408709122524e-01
-1.499802464812940439e-01
5.575364203925003981e-01
3.578406346128906179e-01
-1.471805845100382371e-01
-5.630353046998544109e-01
-2.988565324250573862e-01
4.096242883374141552e-01
7.794585765042771897e-03
-4.185519551190588494e-01
-9.960137679462228721e-01
-8.315977213769318865e-01
1.505402097723114174e-01
6.297411054662049867e-01
-8.422944392828022320e-01
-5.428620528490302188e-01
-6.837295436237165180e-01
4.226282852747473839e-01
-5.504089511499337117e-01
-2.059911972094286003e-01
-6.541437268879302103e-01
3.859493582051058969e-01
-4.330360702262308070e-01
-9.629945878256143121e-01
2.062639251091509252e-01
-2.625285838225892565e-01
-4.260545570429663531e-01
-1.574010831158290102e-01
3.126369501215386926e-01
-8.181537880314060374e-03
1.119751150771077786e-01
-2.838613631387894021e-01
4.014670165808380542e-01
-3.352623763023996339e-01
-9.084339061800459358e-01
8.329480943765354972e-02
4.126976574668710374e-01
6.731809091341385276e-01
-9.043237031045621155e-01
1.347708121431121508e-01
-2.597071652831182131e-01
7.840047206512990030e-01
-9.449248157988074936e-01
-2.918468971726220218e-01
-4.209646886765090468e-01
8.941272775492479230e-01
-3.938272248749834503e-01
-1.982329032479417386e-01
-9.503747468990755287e-01
-5.240504721951677602e-01
-8.552649196430939238e-01
-9.200050613726631354e-01
-2.506091318191987494e-01
4.671565309568139757e-01
-2.899619017156174205e-01
-6.941896187630234305e-01
-9.002530241842654490e-02
-1.816041759368780539e-01
-9.377897286020979717e-01
-3.074800867786762204e-01
-7.334184538602781522e-01
-9.502219149941046883e-01
-7.458330093161880114e-02
9.956933386418937992e-01
-5.723279238248974998e-01
2.639137008222578462e-01
-3.405240600959043018e-01
4.973455210034967156e-01
-8.775812381267482642e-01
-5.326039409290064253e-01
7.083269467090762550e-01
9.757928865549947428e-01
9.496411232983283934e-01
7.098630925518030210e-01
-1.288949952506688312e-01
4.808984029931697712e-01
-7.458470461096080584e-01
-4.267760473861945680e-01
3.482213796108017956e-01
5.158360479105044138e-01
-7.579489990115173548e-01
3.319007423933311163e-01
-6.725264833445854240e-01
8.221818415692949689e-01
9.716975574523853965e-01
9.421342125407483614e-02
-2.313435073312701817e-01
-3.111816221730023813e-01
7.518389991501290837e-01
1.110243198142557564e-01
8.407811491758594435e-01
6.003784107675120829e-01
-9.452379262225243384e-01
-6.190826868922820747e-01
8.697142741390151421e-02
1.982680063229855794e-01
-5.356275804752719250e-01
-3.973256570112315700e-02
-9.489463153637351933e-01
3.787749435307203871e-01
-2.505317702810663238e-01
-2.581852197790934778e-01
7.082266961119716431e-01
