7.513766524085954135e-01
5.461194389935959403e-01
-9.800237078367790566e-02
-2.637761397864901713e-01
3.454481686175303601e-02
-7.542404294137798892e-01
4.000707839150285938e-01
6.048307853582071125e-01
-2.454013261459482287e-01
4.710775959469863938e-01
3.050113169471704300e-01
9.267976343385713189e-01
-8.688854619513919353e-02
-2.191276277185161270e-02
-2.295566907703305848e-01
-6.244258680349221713e-01
5.196817876732078290e-01
-9.127275168208590639e-01
-7.097890375340958347e-01
-6.350435111195629201e-01
-5.325582989097994435e-01
2.389242042361683360e-01
-1.784360538475697755e-01
-1.496774527306916625e-01
-7.868885598933774705e-01
2.594710539814570893e-02
-2.199386153453570802e-01
5.056838641428953451e-01
6.866812695807353872e-01
7.223104527690038523e-02
-9.350028439947610792e-01
-6.981972012215360568e-01
8.136086480938162779e-01
9.346304540591747756e-01
-9.558728003170340326e-01
-2.424719363796876692e-01
-2.010390884577033521e-01
-6.438138152088925814e-01
-3.929430723669140590e-01
-3.340712619140417949e-01
5.072362224724051849e-01
-4.312338140794069741e-01
8.322681899764483582e-01
-2.479625358572932203e-01
6.281124267939872663e-01
-5.999577023248687802e-01
3.477427084297644022e-01
1.559720473393184648e-01
-2.643091220358804172e-01
-6.853351084504077928e-01
1.912004881041740045e-01
-5.724143937141112914e-02
-7.477671611948744079e-01
-6.228170569318425276e-01
-7.182407497764544679e-01
-7.273297532448854685e-01
-7.166512090027412629e-01
3.206962521336116367e-01
-5.401900317686303410e-01
8.792903586136151528e-01
-1.200808401025483807e-01
-9.552333653428177751e-01
-5.887377162650271334e-01
-6.806236379699179828e-01
6.342411783294266137e-01
7.338728193607479966e-03
4.203218735175020537e-01
-4.338110587774646199e-02
6.192754649574219172e-01
-9.018063599827608190e-01
-9.218476564103541548e-01
-8.814015405735038389e-01
-8.165097433123524873e-01
-4.846019653139861383e-01
-6.567691856630513136e-01
5.140776619564635386e-01
-8.769394612668233169e-01
1.855728362644613050e-01
-9.026228932234992008e-02
-6.096676328771999387e-02
-1.896452095612419786e-01
6.496705619229143913e-01
-7.374088074771332213e-01
-1.126058468202106866e-01
3.416362407370094889e-01
6.754406626575226724e-01
-5.976126034989039937e-01
1.948754089069693052e-02
-3.661190161606646676e-01
3.369121959320799942e-01
-8.645092649498640203e-01
-7.083775136719179244e-01
2.949964557043915914e-01
-3.310047745509829831e-01
2.267740657298302764e-01
-6.042832497298695760e-01
8.181238463920570414e-01
-8.557274477682002001e-01
7.062612205711640279e-01
6.122063477848569413e-01
-7.614089122888445527e-01
6.296237302917622181e-01
-2.108192034467990528e-01
9.398034695674426509e-01
4.937386290223111374e-02
-1.334106955532270433e-01
-5.637998124617347173e-01
9.526476081804677865e-01
-1.149450848804438596e-01
6.041797612974519893e-04
-3.853332755820202404e-01
-3.441025350693023288e-01
-2.843653265624523918e-01
-9.978825428141742115e-01
-6.164539705133649239e-01
8.425196469104587749e-01
-8.839074601260945574e-01
-3.182795351683782581e-01
3.290865756022718358e-01
-8.821841391272167154e-01
-9.679211301907464371e-01
-9.542987511271827650e-01
3.009517590258583564e-01
7.027563702911123755e-01
2.215592250653641848e-01
-9.472841548919668231e-01
6.911529400974880666e-02
3.503294992946266451e-01
6.944909990775984809e-01
-3.654556578670755673e-01
-2.651834216305133385e-01
4.097882903220102513e-01
6.370030615558623932e-01
6.881471691523910472e-01
-9.800981119683058740e-01
7.313986395369955762e-01
-4.347157841808813039e-02
-6.210561416887272479e-01
-9.763075349739642750e-01
9.519631903831482500e-01
-5.258009483023931008e-01
1.486544445104487355e-01
1.573766109873344643e-01
-3.880406352054084351e-01
-9.985516734282680051e-01
-5.061780118116718796e-01
3.083473462943404630e-01
-9.129714243610373980e-01
-7.608045921639319253e-01
-6.455517778275612351e-01
-9.936090062877180884e-01
-8.794612851739103121e-02
-1.112767337182354321e-01
-2.369282285668521393e-01
6.270945887543677433e-01
9.035698075762905734e-01
5.292532834765304450e-01
-2.040785604251587060e-01
-7.738006595938946575e-01
-8.432012271109394774e-01
-4.987068133342424936e-01
7.992799680399917950e-01
8.150967198419558635e-01
4.773015767282626776e-01
-5.112092949014517274e-01
-2.409768587371601267e-01
-4.717769805218661183e-01
-4.921845033619061116e-01
-6.479675998454887953e-01
-2.454709177774871964e-01
3.454550638368154569e-01
7.545596439772639386e-01
-6.661773323268593838e-01
-6.126863689055128681e-02
-2.469693176532792300e-01
3.969335994545730717e-01
1.085913050992428630e-01
6.023560908170142447e-01
9.763242359058490472e-01
-7.773273407182532679e-01
-6.641450843509029145e-01
6.407399629385859274e-01
-4.596032483548810887e-01
5.825855438005356213e-02
8.345358911281848258e-01
4.934273905753741030e-01
-9.006541419980889085e-01
-1.859494739140601371e-01
-3.645597426786648665e-01
2.115581398912504962e-01
-8.494980066566575339e-01
-8.783815678071906774e-01
-4.118643907277848015e-01
-4.354745724383135563e-01
2.164959032697510999e-01
-1.680735556491557148e-01
-1.917543593059691798e-01
-9.221727158552626147e-01
1.911953152877259310e-01
-9.112390562039933695e-01
-4.595713152780640520e-01
6.915947272299831639e-01
1.848945971405311361e-01
-8.661337366818044892e-02
-7.186641467179066822e-03
-7.975263052310277434e-01
-4.760321163123271138e-01
-8.167790924324846991e-01
-6.290841566749565406e-01
-3.411160054338959746e-01
4.445830962535088915e-01
8.009623671151118174e-01
7.364777584756432294e-01
-7.389602781308943769e-01
-5.104269068095779183e-02
8.942112243387365655e-01
-6.821999161816920676e-01
7.306974910251675670e-01
-7.227900741601189782e-01
4.899395243907880282e-01
-3.430332147303092327e-01
2.744929797789350534e-01
4.959372419229617357e-01
4.426610266553065998e-02
-6.792745100019457194e-01
-7.352375045135826070e-01
9.236180142234937662e-01
5.566619852858829542e-01
-6.411926529855085377e-01
-2.687131083408058618e-01
8.815135225934185303e-01
-3.090745413375666217e-01
-1.702927638591962278e-01
5.073205269538316742e-02
2.950036004039469084e-01
9.958499947402055241e-01
9.738250178049303596e-01
2.688464985656739969e-01
9.130313120633404278e-01
-9.700030769365395322e-01
8.300427103611573987e-01
-3.273347354923892283e-01
8.631993822945231987e-01
-6.981670989583907971e-01
7.639593671630697802e-01
2.476572536810350833e-02
4.034147809207455637e-02
-1.201706862959979194e-01
-2.057265613451537689e-01
-1.381830993279373754e-01
6.919483844022116248e-01
9.857260518030537266e-01
-1.220528784636070174e-01
9.699920586668566713e-01
7.679325936693337518e-02
8.326815446338029503e-01
1.392300919680193871e-01
3.111178218040506760e-01
-8.754568421646233833e-01
-8.905369566125922454e-01
-9.096622983080910885e-01
-1.803862374466658203e-01
-3.867544307756785038e-01
-9.702167253959530502e-01
-7.811449591504264767e-01
-1.283143009014879876e-01
6.987674889467609951e-02
8.150441494427302924e-01
-6.822629189627151813e-01
-2.358050294610725128e-01
4.970619891259284717e-01
-1.652751074246696650e-01
-2.684915535787539831e-01
5.096001487654271411e-01
9.338753515378783732e-02
1.464648368699614789e-01
-2.567089209109756354e-01
-9.344536531928888667e-01
3.395112570750071779e-01
3.776199643465627531e-01
-9.693005102988441202e-01
8.279771034313254674e-02
6.392070541494343505e-01
-4.206375623658280549e-01
-6.086378145009609941e-01
-2.510775714731117159e-01
4.396677411722273998e-01
-6.020178366601445230e-01
-6.523785938319406341e-01
7.868259711986405058e-01
-2.431714686053987329e-02
-5.865513478331436659e-01
9.021279127511963036e-01
-1.754140298446020818e-01
6.028311743060594807e-01
-2.649294952439573692e-02
-1.633760254441332105e-01
-9.801477393855817510e-02
5.165982792813659241e-01
3.476674032954691906e-01
