-8.023073403009810534e-01
-2.216667341829363647e-01
1.045208198691249812e-02
9.127665123859407537e-01
-2.117229958632675935e-01
-2.945563473382377673e-01
2.264290899344099106e-01
4.799581294696366740e-01
-4.707312922823767565e-01
-2.482245893488101984e-01
8.364374454065868214e-01
-7.379666552982728778e-01
-7.929547630978839301e-01
-8.837822461710485022e-01
-8.493956227251182600e-01
-2.370150322257584818e-01
5.210162932130122382e-01
-2.639535071144272216e-02
-4.455982431569045499e-01
4.027653444535146399e-01
3.206493826699003957e-01
9.272196626093411886e-01
-8.891421316419574339e-01
3.686072287582795592e-01
4.467751731408498017e-02
-7.770899321083946099e-01
-9.056985461303039830e-01
-9.525324553404559413e-01
8.929518141317154267e-01
-8.291534942834521971e-01
-1.039188331988856184e-01
-9.425497331053056538e-01
7.503347444015107115e-02
4.771950008496674833e-01
-8.684995119288965171e-01
5.835182608244224856e-01
-3.981648178831971308e-01
-4.989805809715879281e-01
4.428062663931549015e-01
-8.540176553857647956e-01
-5.759214146918045785e-03
-7.869018796866189547e-01
-2.931251091182238699e-01
8.503204001760986674e-01
-5.448061184703927307e-01
-5.885283428401075767e-01
-5.865300217203437416e-01
-8.110201252143163231e-01
7.765303971783237280e-01
3.849537321416303115e-01
-9.259027077242998338e-01
-1.067668809038897493e-01
-1.443841668496248509e-01
7.588129253980848699e-01
-3.342243762794174788e-01
1.922023904480518741e-01
7.553296327793874720e-01
-5.729825296017045932e-01
-9.239154586270461600e-01
-8.033704640167405042e-01
-9.834697558912390836e-01
-4.088114192075542608e-01
-7.330103441132418407e-01
4.462912001529641959e-01
-7.907266159928292293e-01
-3.461485530265400179e-01
-6.346819733767798954e-01
5.356060130644832995e-01
7.954839040729579924e-01
-6.895456992941098040e-01
2.478637650731989606e-01
2.048773855008509948e-01
-9.583712489123565881e-01
-2.276958659658787631e-01
8.719755368603618884e-01
2.221303093659443562e-01
-8.708178493429730160e-01
1.838918928042954093e-02
6.915923211489889422e-01
-1.186876928012363663e-01
-8.695211119932277910e-02
-6.841786935984877083e-01
-3.256983610934878204e-01
-4.706044484626332736e-01
4.602840071795137877e-01
2.201345136769021771e-01
-8.851239134034263323e-01
1.781354672756678692e-01
9.383721057502509844e-01
-2.545836557701139924e-01
7.868832833849781494e-02
8.917908845098432291e-01
6.156232436296171784e-01
6.136366201989496005e-02
-2.050086321380555354e-01
7.473198359600716767e-01
-6.047169518671464683e-01
8.046223915816894667e-01
4.829914587645729451e-01
2.975769841272621896e-01
-7.145351850472287936e-01
5.129242033821239666e-01
6.924407962713829967e-02
2.859914916231711679e-01
-3.843019535224727612e-01
9.448353561734945671e-01
8.927317490360509034e-02
-8.662335922131980670e-01
5.699564640863039600e-01
7.269478522924850417e-01
6.046194107179301280e-01
-9.539713712786623834e-01
9.786616373793641799e-01
-6.292174177538445434e-02
9.083633138831253007e-01
-1.979663624183347626e-01
-2.262963893920100222e-01
-2.016894976434249198e-01
5.307270063876527999e-01
-1.390299162658465981e-01
2.807613652793878867e-01
3.737583848555787736e-01
-8.227481513196011065e-01
3.532514415395993090e-02
-9.080648027795874544e-01
-4.883261394982771897e-01
-5.334015067553479206e-01
8.945112633383602851e-01
-4.752027215558747297e-01
7.759182467547762752e-01
-9.920569756282064944e-01
-5.446939332436440129e-01
-8.615348121647881108e-02
-3.636494452013296907e-01
2.099652542829830715e-01
2.569169183972104253e-01
2.341075821898108700e-01
1.978764654543734292e-01
6.139911352173599290e-01
3.504301258466768765e-01
1.423082332607714662e-01
-4.675121625540874515e-01
7.964467840095696971e-01
-4.229860691532600914e-01
-2.495294877666087707e-01
-7.826347916186267017e-01
9.879304612665880114e-01
5.236039325375965170e-01
2.662752668712211612e-01
-7.649554099417041897e-01
7.117823340494251472e-01
2.613663058111699300e-01
-4.372056114693116946e-01
5.328848581968079756e-01
-7.703445599479330497e-02
-1.325900923111948959e-01
-9.914075010327949578e-02
8.662816560820068013e-01
6.907164619005503603e-01
1.761865612133499681e-01
9.894959960343876482e-01
-2.980162521420188781e-01
-6.836237353545644435e-01
-5.410842733838527874e-01
-5.446181193884802596e-02
-4.538805150797893262e-01
-4.049874789251299845e-01
-9.920802593675099867e-01
-4.709604772246906990e-01
5.431899770233112879e-01
-6.491309717688784620e-01
2.230089073717875792e-01
8.947539591334019438e-01
-5.587643262237222963e-01
7.520312409929281738e-01
-4.190605049547453387e-01
3.499230131961788004e-01
5.088396990671475439e-01
1.277747345671174095e-01
-6.771905987458133325e-01
-7.926931710893558858e-02
9.207307799270607607e-01
-4.478696613974642027e-02
-8.792602112750180776e-01
2.161821684383549158e-01
1.170254041514349197e-01
4.968735646932940231e-01
-7.682747466502930500e-01
2.456099574824028853e-01
2.609867711488613740e-01
-5.856507229476386467e-01
8.261368569536109430e-01
-7.568098213747931347e-01
5.448849735294085672e-01
8.147097665142704059e-01
-1.517381864167299810e-01
3.164464856301845153e-01
-7.489233771492487257e-01
-2.286668611061872802e-01
-1.721104063601157641e-01
7.774035455604488831e-02
9.773411646781429152e-01
6.060615583521711258e-02
-3.016181329867873018e-02
5.570376208197624912e-01
-8.572149191405564750e-01
3.164952121308099997e-01
-7.423294458783158412e-02
7.907261410740296093e-01
6.494923778878427534e-01
6.077190690242508797e-01
-2.737280713365739526e-01
-4.672098289948596328e-01
-5.337722354859406604e-01
5.920095034568895187e-02
-1.430276145708953006e-01
-2.856662506791767253e-01
3.833783037825178042e-01
4.604193059436809676e-01
7.319438500379704671e-01
9.228233260450209308e-01
-9.646351835569917377e-01
-6.617991140780268289e-01
-6.755428406842109990e-01
2.693553989367396539e-01
8.990632528309385751e-01
-4.204346727985930343e-01
7.167999516046053010e-02
-4.116775067981426339e-01
2.881833310711559015e-01
8.543862046665979815e-01
7.633683419909493839e-01
-2.602954978001785769e-01
-7.379871719009554187e-01
8.180586483489877825e-01
-2.911473327271647538e-01
-3.670998361867714443e-01
9.570465544582398287e-01
-4.784822231077632271e-01
-9.254480083042826433e-01
-3.553939928117790803e-01
4.814134731167998282e-01
3.446656332342656892e-01
3.463811167685775239e-01
-9.862396893152765021e-01
-6.310602151509698832e-01
-1.806858261050712233e-01
-6.415847903503741900e-01
2.376324457244427535e-02
-7.704164760854961269e-01
8.149704378245270497e-02
4.139911719678812663e-01
4.963678750788109717e-01
6.137641065547365660e-01
1.244618642188473068e-01
9.591126683281574472e-01
-2.146660133673459203e-01
6.999375058037671238e-02
-2.735486532450623898e-01
3.242486675423705833e-01
4.561295851574187488e-02
-6.955504763799060797e-01
-7.902544959110333611e-01
2.089978001132504204e-01
4.020995134343203770e-01
-3.848147527584842020e-01
3.898626074520774587e-01
-3.386053876212791192e-01
-3.795440365689239925e-03
-4.383668495730888015e-01
-4.563588933699620487e-01
-8.361918138088213492e-01
8.368759886806076409e-02
-6.596702557905507192e-01
8.589290472380670671e-01
-7.737391562235518272e-02
-3.116150930637111571e-01
3.334750904360548329e-01
3.691790728478703265e-01
9.965700430628088302e-01
7.749431019321559866e-01
3.181663049154936918e-01
-1.154747261264144065e-01
1.544988912734464037e-01
5.136894650294798748e-01
-4.350868764586517390e-01
5.233536583811928544e-01
9.648368793686070699e-01
8.950096919862893241e-01
-6.427670274727799171e-01
-1.032831678428878242e-01
7.248616383629771232e-01
-7.170953554391121809e-01
9.202687074462962968e-01
-6.184952977275033348e-01
-4.496572898615713854e-02
-2.371271023075876005e-01
-7.612818841546236115e-01
-2.362539157680947355e-01
-9.874274213357352448e-01
