9.198746111459206176e-01
-7.228549844210334641e-01
8.270934633303288486e-01
-5.700241081630785800e-02
-3.524733968512807625e-01
-3.771422037474683187e-01
5.182094860348591681e-01
7.147488096567029547e-01
-7.909667265647193357e-01
6.276152922117734789e-01
2.171564924527333851e-01
2.894835268634126102e-01
-3.112527391207273730e-01
8.363288391562018198e-02
-2.300777289644031498e-01
-8.910637869170512371e-01
1.111083639898557962e-01
8.247760848702583303e-01
3.845934365156857826e-01
-9.456099028858198086e-01
-8.131131153769803888e-01
7.959713008656748023e-01
1.096229552803336116e-01
1.376345046888800550e-01
-5.218718742733050586e-01
-6.139856795531681843e-01
4.415803681268763992e-01
-7.158501685561799999e-01
-9.502834371555761717e-01
-5.503699316803789543e-01
-9.146008042351156941e-01
-8.784409901456580183e-01
-6.478253968593403744e-01
4.107243980386392490e-01
-7.968382874050301545e-01
6.385660379271407283e-01
1.233945687765780619e-01
4.667197447863287163e-01
8.547332107675098545e-01
-9.207309364725182466e-01
4.361948876387129470e-01
-9.205500908383186243e-01
1.577608641781946819e-01
-1.531145741062696075e-01
9.765921748355717025e-01
1.619908665890321675e-01
-5.532505842479622515e-01
-5.905592371077168501e-01
-8.187680440525331171e-01
5.190759644523812444e-01
9.496071215277297473e-01
3.976026172032964823e-02
9.922535816630975170e-01
-9.590220291075421954e-01
-3.731657134632642148e-01
6.498866148194935022e-01
-2.774788453994567750e-01
3.398847424051381072e-01
-4.024382976705200843e-01
-7.461803897839327515e-01
1.969215286934389297e-04
7.138503751294498212e-01
-8.061948698343679443e-01
5.258021807721040553e-01
-3.978917701168684928e-01
4.683995003137264579e-01
6.955934634312526121e-01
-2.500724928679365355e-02
9.958942843373064235e-01
-4.620763786290889019e-01
-1.500639787528643687e-01
-8.300870547382956932e-01
5.885967092042216908e-01
-3.827890009746004463e-01
5.149558960181128686e-01
6.123014575250529390e-01
7.566006001032388184e-01
-1.302160786865393938e-01
-2.969198303044677800e-01
6.661154033246503570e-01
2.409104774594628129e-01
-7.724723784043052710e-02
-7.118285105501893639e-01
8.068976746490712504e-01
4.591672184941646417e-01
-1.676493916364085734e-01
5.621561235372618537e-01
-8.879983412139689225e-01
-3.267910328691550070e-01
2.974649496181025476e-02
2.948936860242814539e-01
4.295268708916188949e-01
-4.003857860101016630e-01
-1.846834579441809510e-01
-4.488172727011656704e-01
7.444272133126155211e-01
-5.665857299833954031e-01
-8.702298731646955776e-01
9.607033238008377829e-01
8.786877329275704085e-01
-8.615761435423323622e-01
-2.149561333694978149e-01
4.380918513465807962e-01
2.504800928442103558e-01
7.133194411242449462e-02
-4.740774601079067452e-02
-6.900143725111478332e-01
9.707240499824778546e-01
2.762646661742940157e-01
6.412815388962200824e-01
-5.002395491216307111e-01
-9.907163777499228274e-03
-7.306150162700886241e-02
-2.850127202696888240e-01
3.894779121268294730e-01
9.265822363665450201e-01
-9.450639104118165879e-01
9.381726314079856799e-01
-1.611868965695801847e-01
4.120435347093907019e-01
7.642689058436926697e-01
5.594659590922619330e-01
2.773352866444525056e-01
9.950381215966030979e-02
-4.179418857888570482e-01
6.325887715461078198e-01
2.862308311627661528e-01
-8.062275987553506607e-01
-7.059639822201990711e-01
-8.742419413562507735e-01
5.075396508275156204e-01
-2.165422892442883107e-01
-3.205536038299523494e-01
-7.715630540239806212e-01
8.222982323978278441e-01
5.323400738590307046e-01
-5.605336460499246165e-01
3.731236883053719033e-01
-5.515278419188420767e-01
-6.347052186041020061e-01
2.127279735516327541e-01
3.286110468688137054e-01
6.558547836372385920e-01
2.533177140847684417e-01
-3.933518546558989470e-01
1.933661815600800082e-01
-9.824545228520518148e-01
-8.531968421215361253e-01
-9.096783337624441135e-01
3.298125599989636392e-01
-1.269765595916547696e-01
1.426557507201757780e-01
5.297856626556987081e-01
-3.883205571202728024e-01
-1.058132361369001906e-01
-7.068135831703905581e-01
3.720890730533201740e-01
-1.536886788286129235e-01
5.563279185338549926e-01
-5.030188563698319015e-01
9.399817222704553998e-01
1.498335178073073592e-02
2.971729323063878603e-01
-6.458468691174643617e-01
-8.216564282723495261e-01
7.203356213058149660e-01
-2.754237016832905560e-02
5.937495005398780723e-01
7.526158223632763988e-01
-7.228173699516884376e-01
-2.096333633554978704e-01
5.314437664104880721e-01
-6.047649907244472267e-01
6.133584598430379398e-01
7.979448914347868627e-01
4.442144636236953215e-01
-3.027429970482391486e-01
9.209874411167473518e-01
-8.082972277285032092e-01
5.324519046292046642e-01
-6.578646842585256227e-01
1.425450228331162084e-01
9.907056656974295716e-01
-2.348539551708175299e-01
1.178094297341765184e-01
4.913456677927965366e-01
-1.890947452197950795e-01
-5.026482372161060752e-01
8.270450814018639463e-01
4.227681458500500700e-01
-6.541797120365762108e-01
-7.012156242319136368e-01
1.997724934039180056e-01
-9.493593649545484237e-01
8.463555635870583238e-01
3.408891212325837472e-01
-9.896985705516763154e-01
2.439266557437054228e-01
-5.687744265575569447e-01
-8.598597153028637585e-01
9.955486930576238347e-01
9.431673354786305197e-01
-8.216785573940279530e-01
-3.771161709815562535e-01
4.364650723872209870e-01
1.430973361654657161e-01
5.846903273679568969e-01
-6.459451987454241095e-01
9.001874969202223742e-01
5.826941153921956218e-01
-8.368218764691075506e-01
6.818467734199666896e-01
-5.298402657571599228e-02
8.268877700821708476e-01
-7.851919257074653213e-01
6.991311650041029946e-01
-2.784383457116026417e-01
-5.532643733060873537e-01
6.144416339157046103e-01
-3.479748351576930077e-01
-2.029070920426130353e-01
4.892493996824713864e-01
6.748153506492433618e-01
-7.238398095373286267e-01
2.372090713188028666e-01
9.400078070218091941e-01
-1.906334201470076817e-01
-6.906925186872880928e-02
8.505635974344132322e-01
2.866457486506817087e-01
6.805850109350115584e-01
2.500596952378859594e-01
-2.397834078626621679e-01
7.124771882253486677e-01
3.816269154407538888e-01
8.876275796872969970e-01
-2.770303489285117493e-01
-6.793357255940586370e-01
5.295860627257296116e-01
9.930682713985761190e-02
-6.115171457850290260e-01
-3.186061815965159916e-01
4.036804938042113378e-01
-2.120292344945307050e-02
-8.703872763622562125e-01
-5.249051837303206902e-01
6.320716261857737273e-01
-4.762130898940093449e-01
6.257435378385123315e-01
-9.178766590701274986e-01
-9.623224900709457241e-01
-7.902775540138395893e-01
3.155773429911967742e-01
-7.465742873710663474e-01
-7.834421454454520983e-02
-3.848661838605496044e-01
-2.630672648113552281e-01
-2.229548477860507916e-01
-3.767975239147702826e-01
6.714043462765775239e-01
-8.132912615455094585e-01
5.376943877382449610e-01
-3.120518005978851761e-01
9.940865370054490224e-01
1.734361406616247159e-02
-4.654829750826856571e-01
9.062029061641390104e-01
-4.477366265130890977e-01
8.239280782979219175e-01
3.216380232887743329e-01
2.328867736070621142e-01
8.294867172683706436e-02
2.115439453072085474e-01
-9.593277191920015490e-01
2.785117876831868511e-01
-2.072946858177990848e-01
-6.744267215575017183e-01
6.157585832817957794e-02
-7.168622317865109839e-01
8.883070729198605520e-02
9.449696396517059949e-01
-5.971515550492005886e-01
4.418217073457104682e-01
6.779904123694295848e-01
2.190982878231761966e-01
-9.730091886399994117e-01
-5.532219119406731611e-01
6.350140348064137186e-03
8.953343404812987849e-01
-4.924327948476381334e-01
7.869865309352621630e-01
-1.757361187204575792e-02
-8.732104094310266795e-01
-5.848423902655286444e-01
3.570332874938553225e-01
3.926766497564546654e-01
1.837916011037421526e-01
-2.767772294288612933e-01
-8.686140970820996898e-01
6.278668504233058112e-01
