-8.310328403511906270e-01
9.597156103450961151e-01
-2.615697937386982641e-01
5.754951371916381397e-01
-8.725846589596963909e-02
-9.956637190138253324e-01
-8.586562461636368937e-01
-6.097157582925460950e-02
-7.803655718010804598e-01
-3.016332141772715136e-01
-1.954019802042419318e-01
5.811070210024489313e-01
-4.163244651693605025e-01
2.613632693940635132e-01
-2.831027084879345068e-02
-6.755593191324025248e-01
8.013449552740072868e-01
-6.987116135703774766e-02
4.135224032415780737e-01
-5.813862544578776159e-01
5.416725578102385974e-01
-5.303727568271918713e-01
-9.405394167449621090e-01
-5.492268029396456530e-01
-5.062116844606154853e-01
1.389767894971902784e-01
-1.063300484743636698e-01
1.133735012297447664e-01
-3.733952128224460321e-01
-8.932976917331436617e-01
2.598116497065658947e-01
4.322425210277376362e-01
2.812687258630428566e-01
5.816425275235996839e-01
6.862370572538443181e-01
-6.838669103910142155e-01
-4.358098864099630987e-01
-7.552165117046516496e-01
-7.817206902459408191e-01
-8.103785459275922864e-01
-8.434786484938248119e-01
7.487445758598765266e-01
-2.447688335453470643e-01
-8.073629192334255134e-01
4.181051346718318573e-01
-5.937262852068758701e-01
4.755166893472804190e-01
-6.237224214478154227e-01
-1.221649381985463467e-01
-9.547825060928814001e-01
-6.371083876915728528e-01
8.578182448668325577e-01
-4.750854963040316292e-01
7.795523122089065282e-01
-2.335806177574037967e-01
-9.372119890805814535e-01
-1.024302257851790188e-01
3.596188935945698884e-01
-2.451455255056995686e-01
3.462900421055570277e-03
6.940385682000642653e-01
-4.976827628575968276e-01
-8.010762357401772782e-01
-4.200082777697649039e-01
-5.033109519461715919e-01
-1.811048546115880953e-01
4.801769396511998966e-01
9.739505296165344994e-01
6.411688880873605001e-01
2.288187609781733300e-02
-1.152789954332231748e-01
6.340421697946041490e-02
4.612552282705013607e-01
-1.596278702729199139e-01
6.505411978192419120e-01
5.392623261293947312e-01
-7.685431510572475755e-01
2.802568689165116922e-01
9.341292594620620449e-02
8.097365643866361040e-02
-7.997572816408429208e-01
-1.528631103700797134e-01
9.059404505143202613e-01
7.234933672494949786e-01
-6.787346021476148294e-01
-1.854923867863949027e-01
8.439815335559868181e-01
-8.889848300777831724e-01
8.028883348002042730e-01
-6.569754564827303689e-01
-9.094774884804239790e-01
1.219268702544318295e-01
-4.283785726648827730e-01
-5.372777336057521502e-01
-6.306098482821163032e-01
-1.032772588399750724e-01
1.436718563334982157e-01
-8.601240675515771095e-01
-3.950615980873668498e-01
5.974730952997813205e-01
3.921515319241288822e-01
5.248369880244339036e-01
-6.516185688292086553e-01
8.399865755249682486e-01
-1.375630197543629141e-01
-3.088425636435681021e-01
-4.813075934516495291e-01
2.394742068761499532e-01
1.007509993063482323e-01
6.648634919890339390e-01
8.080845563846694724e-01
3.902030887769021295e-01
8.599459608399862010e-01
-6.743831153330772654e-01
6.696641209887685964e-01
-1.793326554923155847e-01
-9.596401926083513167e-01
-3.270499547805669760e-01
9.465677090113837622e-01
-8.810797918409303264e-01
-2.598188908327561109e-01
5.805734009106353621e-01
4.943796221412013470e-01
-1.985058111436308614e-01
5.150274064266466834e-01
-1.619765347300150538e-01
5.880252342691345557e-01
9.149125487268872092e-02
5.574700640814924668e-01
1.012109001086274329e-01
-2.199665051197183807e-01
-8.358698740626642198e-01
9.513051205951259526e-01
9.339211731573002773e-01
-6.299812592516615961e-01
-7.537084342141100457e-01
2.575037985956585285e-01
9.037820386515540427e-01
-1.099405170057869974e-01
-7.680507164337477821e-01
-2.714808557614944995e-01
3.815843775121345871e-01
1.973642008532472403e-02
8.799424767332628683e-01
-3.383566801994390971e-01
-2.362663309423740365e-02
6.228658427121751551e-01
-3.626825265291344635e-03
1.229582978727734588e-01
1.818355718848474467e-01
-8.646552468579431494e-01
-5.278556632235760215e-01
-6.092288820772997493e-01
6.031028753373113283e-01
-2.047732807215092432e-01
9.457689975998690990e-01
6.479926753086462377e-01
7.093530628637987334e-01
3.477635375753982405e-01
-1.185415347250056151e-01
6.362351598236013484e-01
3.589827290005305205e-01
8.417256731340783116e-01
-7.646122381122162359e-01
5.872253625352954476e-01
-1.652938516587085793e-01
-3.578665237248910280e-01
2.523157832004216949e-01
1.554422812015296973e-01
-2.759760410728473445e-01
2.504100936577176029e-01
-8.248545015307360284e-01
-7.416294338991165080e-01
-1.303365404214660295e-01
-9.016575759515985666e-01
3.233604632996573969e-01
-9.454465718493372250e-01
-8.645857189909711416e-02
7.254015579050492324e-01
-7.571026377455747358e-01
5.204861926792037075e-02
-8.554003502245464130e-01
8.916238750081622033e-01
9.792254601818288773e-01
3.276915650894514087e-01
-8.762701948327966672e-01
-1.090677727619415727e-02
-8.842158300745812660e-01
-6.410229927326627219e-02
1.435908278807944694e-01
7.779081955428004402e-01
7.495284125600114589e-01
-1.741049438227104673e-01
8.909115021235904930e-01
-7.532244192354209389e-02
5.558980647504490058e-01
2.618620433193372676e-01
-1.520720820667729178e-01
5.135249178979561790e-03
-4.600573863171073530e-01
4.762197764530244903e-01
-2.684884273134267030e-01
2.776246072540633492e-02
-2.890550161874803070e-01
-9.233762955075142109e-01
-9.085779927111097276e-01
-1.020214986981804461e-01
2.055869086673405288e-01
-1.941992358989446110e-01
-3.318920806606688867e-01
1.738221641263515416e-02
-3.194322746804714175e-01
-7.369876351142483628e-01
8.299692861591068116e-01
-8.636369799411669490e-02
6.582583404813249217e-01
5.863126333338160023e-01
2.573636864960688886e-01
-7.427026284878719409e-01
3.687987780366928092e-01
5.600178732065326237e-01
8.372957885330984951e-01
7.406345694907929822e-01
9.800379945520938385e-01
6.567344187939163636e-01
5.941318305219609464e-01
4.898553995690226870e-01
-2.973893787198538252e-01
-1.462617923405153952e-01
1.574283917267178534e-01
7.870383413442532117e-01
7.415600359263216923e-01
9.722219806459702074e-01
-4.817032185555498724e-01
-4.330286288386331339e-01
6.604236410806241242e-01
-2.345835257868356116e-02
-8.402285986193291922e-01
-7.674927276924938813e-01
5.365867596988505017e-01
-8.879157855381811792e-01
-4.793602365128508680e-01
-9.595028634809055212e-01
2.607214268162447723e-01
1.508930185504828714e-01
4.364213600018582717e-01
-5.471969285530080551e-01
-1.154310417405772782e-01
5.175131534959684920e-01
9.032130514720138059e-01
-6.173609706659035634e-01
-1.753982479117726090e-01
-9.951870811231171565e-01
4.962232935405082035e-01
-3.891837673862628133e-01
5.244902223604395175e-01
-3.909812627271429530e-01
1.314667003586889038e-01
-5.537736117901204125e-01
-9.634789314036489305e-01
-2.137301502679744836e-01
7.610458693672057517e-01
5.105821894474031897e-01
-7.303002798392659312e-01
2.993993604094578043e-01
-6.294703706510460517e-01
-3.818591392197792089e-01
2.955658174667314952e-01
3.924712269295995704e-01
-5.477359382989752667e-01
-2.617650361804884085e-01
3.886310475726622027e-01
-7.146116277566409991e-01
2.285384560702510282e-01
-5.345089623706031912e-01
-2.129497917151637054e-01
5.118673727256244366e-01
7.598598589725558128e-01
4.880550098428071415e-02
-3.240778779023145706e-01
-2.541258758345539270e-01
4.400432369996960524e-01
-3.962988339422959250e-01
-1.424568511684498606e-01
-7.210054154530460835e-01
5.668422543344917575e-01
-9.143812361572327685e-01
-3.763253567923146026e-01
-7.156863143618290568e-01
9.395218883829787870e-01
9.505430039804647624e-01
-7.981869487783170847e-01
9.789597011678987659e-01
9.241299789490258210e-01
6.274401078009634869e-01
4.522583463310336782e-01
8.659174907919808817e-02
1.262742569033359352e-02
-8.348696559120791783e-01
6.829918976956683707e-01
