-7.178079158833696738e-01
-7.685413208512259509e-01
5.869212277139745915e-02
6.160271037852638187e-02
-1.182604589596254474e-01
3.152997483631341247e-01
-7.162321604147703358e-01
6.900781247838403409e-01
-1.458324021189540964e-01
4.660784674691957896e-01
6.429947294756457321e-01
-2.408544950137800900e-01
3.758546514288880758e-01
6.188551993193933676e-01
2.465846944780847316e-01
5.367260038353260931e-02
-2.544706451132479064e-01
3.358396774124174922e-01
-4.779314731757879908e-01
1.670974353812062496e-01
4.216687090399109383e-01
-9.605335330893338686e-01
-7.706507996485616463e-01
-8.391339991624300332e-01
8.218480703704476031e-01
-8.742619792638999243e-01
-4.985017030829577145e-01
-1.549238442126972259e-01
-6.704069762995750192e-01
-8.080116166064401639e-01
-1.815961139535333668e-01
-5.045514699420945437e-01
8.369924531363732711e-01
-7.789819787413294616e-01
5.704801956496148296e-01
6.628600618762880980e-01
9.738994744649653867e-02
4.757677705383021038e-01
7.525180847191610400e-01
2.926254982156837325e-01
4.497994982209576609e-01
-3.241547395290447220e-01
-7.003777954568524144e-01
-3.679492641116444140e-02
9.235838942127563289e-01
-7.033544353894440881e-01
3.704054879804123956e-01
-3.716011608192952842e-01
3.814551046438550141e-01
-3.173874663439923971e-01
-5.858504890856526259e-01
8.445203836788981455e-01
8.967789110084340987e-01
-7.739129578699903700e-01
-5.215764928882442586e-01
1.830375280823208772e-01
5.227758190326456944e-01
5.341556331039063465e-01
-2.783229107893947507e-02
-3.881838113071303109e-01
-7.326336376705477882e-02
-6.455353363510174525e-01
-4.122926536970661360e-01
-4.482482816975501549e-01
7.075603691397807093e-01
-2.166178924244677173e-01
-1.043050969172267806e-01
-7.259665517828102210e-01
-2.914168516006483411e-01
7.751581228685779923e-01
9.646100090533560323e-01
-1.853990699058440939e-01
9.838778003617663082e-01
9.003834170485658372e-01
5.184478240881060795e-01
4.365210319847645515e-02
-8.948860394070390356e-02
5.862218143358761679e-01
-3.636603433215666037e-01
6.275372305120334726e-01
-1.791336840751263093e-01
-6.114888869933094995e-01
-9.020453631942704220e-02
2.388528970926524497e-01
-1.381529121844222718e-01
4.632966183554683148e-01
9.671619111895202181e-02
7.359712086659073726e-01
-9.471143277588849330e-01
-3.965127387303652995e-01
6.480626457228511050e-02
-6.430695383086024730e-01
2.223737300593213728e-01
-1.771434425302338411e-01
-3.925710898466223675e-01
3.482514228722175531e-01
9.850322658388805941e-01
4.529148447291513335e-01
-6.575922072679432073e-01
-6.778276064720103466e-01
1.140115446967213675e-01
-3.096763727992302151e-01
8.022946647846751489e-03
2.444833935725159169e-01
-6.045686424747682697e-01
1.275985065344955594e-01
4.236967464462191302e-01
-1.582900136174913985e-01
-7.699987943035502269e-03
-9.424672178273008072e-01
-7.667844483525458887e-01
4.596877758718933560e-01
-5.826981020355381791e-01
-8.459464498747470973e-01
-2.496670326460792566e-01
8.028244622409632658e-01
3.742598232901555022e-01
-5.646212705781856744e-01
7.727282970069642154e-01
8.005085330379264619e-01
5.194207549556411063e-01
-2.574842640079351153e-01
1.966057616931351504e-01
-9.309170698128566013e-01
4.010179064192542775e-01
5.949536981499581323e-01
-5.455889103810624974e-01
-8.531968404320191546e-01
-5.960907506342301154e-01
4.247013646258035457e-01
8.296430192293751116e-01
1.900288405053729424e-01
5.942895683549065389e-01
3.996932722678054883e-01
9.769789344696175881e-01
7.517605495579293695e-01
-1.461561576493730641e-02
-1.701326304091617114e-01
-8.693532595568274068e-01
-7.318154722804752765e-01
6.922121152020304091e-01
3.958620831893138181e-01
5.703512208031058517e-01
1.285931278851137893e-01
2.351300383953578432e-01
9.916761256846500228e-01
6.745653266983824281e-01
-7.726845496202712216e-01
7.471888936360040478e-01
-1.378669379216848068e-01
-9.498928705655400595e-01
-8.109361818921969611e-01
-3.275510976190609824e-04
8.919160568359865149e-01
-9.023147954637440460e-01
3.980716946741509332e-01
6.083594787249939628e-01
9.913102474954951226e-01
2.300280159041738770e-01
-6.432831988368863385e-01
-9.358197720526939545e-01
-9.067136878328965199e-01
-3.203657066179197432e-01
9.200654545014950170e-01
-4.939456488818336766e-01
-5.042257871577568995e-01
-3.470942906132201689e-01
3.851660066540048000e-01
9.243250288234403644e-01
7.435810987111224346e-01
-4.946152149712617074e-01
-2.053627916103748507e-01
8.183210707987951249e-01
2.372880732872406639e-02
-4.306989891182828600e-01
-3.832288895105482318e-01
-1.652970018185309087e-01
9.769804926448519833e-01
-5.406287992924598829e-01
5.249738939587400566e-02
-8.904961556100279285e-01
4.230570857945896712e-01
-1.242557001935364891e-01
4.795589418647769886e-01
1.909210609187832475e-01
6.653782124872207326e-01
5.631263992669157670e-01
9.645024613985104800e-01
-1.558458479829105681e-01
-2.150939587959397326e-01
5.905289372483859545e-01
5.201150747024487764e-01
-4.099008906101524463e-01
-8.161820530002696916e-01
-8.291660956828552642e-01
3.281706206156467243e-01
6.925989872342765974e-01
-1.752673140978684430e-01
-3.696842404808293736e-01
9.777435261826969981e-01
2.549989895196997924e-01
4.197276880853360037e-01
6.033704275091140712e-01
5.815504330599186034e-02
2.254763496513083609e-01
4.159973147758444512e-01
3.042046426115454505e-01
-2.807779059367458974e-01
-6.480416806215738568e-01
8.046960114951102749e-01
7.458581904871315338e-01
-5.915250073560236466e-01
4.000761214496555418e-01
-1.419912927683566473e-01
7.104640447352743582e-01
-3.377764657811737070e-01
-9.359359703100844641e-01
-8.479041685900472469e-01
-6.363469579125833331e-01
7.960274067691264221e-02
7.953313311726228907e-01
5.700583323786243550e-01
-1.704301731283259791e-01
-2.423424587526554763e-01
-9.678160041027039640e-01
-9.424159419730182563e-03
-7.398705805771403909e-01
9.195107352875415696e-01
-8.989967225904260673e-02
6.954663538011498503e-01
3.624731309709150473e-01
-9.186353820472232812e-01
9.960551453511201636e-02
1.318012047116228214e-01
-5.415556128500826905e-01
-8.043816354469823793e-02
-9.019279659509797931e-01
1.824403262363694100e-01
-5.904983688271769893e-01
9.486771991583995423e-01
-2.239852266186601604e-01
-7.325673396872596221e-01
1.364810836013226059e-01
6.312512414563566931e-01
-7.036464911389972432e-01
-2.280938100610219177e-01
-2.641148144687537336e-01
1.625857663163894351e-01
3.045536512640945048e-03
2.660971266332325946e-01
-9.619075451991105918e-01
-5.848708644999249806e-01
-5.940079651642178327e-01
-9.792134711911688605e-01
5.283386852999136796e-01
-8.370701221839533801e-01
9.032220612582466668e-01
6.387442888480985292e-01
9.841484356157341740e-01
-6.044497156419526007e-03
-9.629455861642259862e-01
-8.804485135527400086e-01
-3.601472730591475102e-01
9.122134414079614562e-01
-2.059489427648855120e-01
-1.104751821131713108e-01
-9.007551754962765944e-01
-2.760688876369215006e-01
6.679835636409601207e-01
2.152220008525207451e-01
3.991537330545245066e-01
9.594463003958424441e-01
3.569748440275430923e-01
-8.183506046041417736e-01
-8.992071498248406236e-01
4.298125894732403030e-01
1.764888657499490421e-01
-1.426843618381914425e-01
8.315219341129316266e-01
7.645470053774865438e-01
1.672823095644779823e-01
-1.332748917181538761e-01
-1.737293958848133979e-01
1.581359809979883124e-01
3.382019739833985739e-03
-8.070102088862074474e-02
-5.387460138258672870e-01
-8.489707497774732214e-01
-2.798926291228294172e-01
1.337835712262753773e-01
4.974901136697165160e-01
-8.565962522075518670e-01
-1.029481857319562987e-01
-5.224779000872379342e-01
5.413626936754507568e-01
-2.936236558238203287e-02
-4.779963955727639657e-02
-7.642798962965535736e-02
9.344258903999325128e-01
-2.536216571401210818e-01
