6.191702176274123115e-01
6.531398002079733534e-01
-9.842348866967931542e-02
7.346412156204875643e-01
6.928411517403048059e-01
6.676000464734699325e-01
-6.557936885836923580e-01
-9.509824377983970844e-01
-1.661999408859156091e-01
-9.379482156892515743e-01
-1.201979131832320302e-01
-2.658928059114258335e-01
1.348582352946265939e-01
5.422736649657156072e-01
4.800727910142654764e-02
-4.029983952003310943e-01
4.844588496928716737e-01
7.373964609988781227e-02
-3.050105166328840323e-01
6.461660224296827959e-01
-6.268222824906066748e-02
6.642589022168019497e-01
-9.279463897720185983e-01
3.403084170862711311e-01
6.131813470870144389e-01
2.668270835306507660e-01
-4.506971694334067635e-01
9.858556804859441858e-01
-2.129649502551633766e-01
5.130210570073299170e-01
-4.681819938607996168e-01
8.039587424241814162e-01
1.557739941631353098e-01
-6.171426021344845747e-01
4.291460087266889545e-01
5.387770108447149653e-01
-5.122809696097505583e-01
2.302526336821937303e-01
-5.990122899627978725e-01
5.061690698375254094e-01
-8.311334495807318756e-01
-2.166501426095619465e-01
-9.894097996214421542e-01
-5.229804410858667207e-01
8.315256031739899356e-01
6.202602261598415545e-01
-5.948527025463492546e-01
-9.610376278998993271e-01
3.844620705214027989e-01
1.374779687370617509e-01
3.689481109508754297e-01
1.888688053131297728e-01
-9.915697598361286058e-01
-3.393991153215731860e-01
-7.782044128433869279e-01
1.150994795753808031e-01
-1.218039665334824662e-01
5.546468164407236667e-01
-5.494860785169186634e-02
5.476367488793727478e-01
2.220808351912124667e-01
8.785871178841753171e-02
3.734448773200320648e-01
-3.086821966470258971e-01
-4.443632882037018561e-01
5.293162551442891495e-01
2.231153906780036777e-02
-7.115638327697537679e-01
7.776486935917636956e-01
-9.129269839803417774e-01
3.694077422491723883e-01
3.642556916240531351e-01
-4.590952572936728426e-01
-5.141165207264017933e-01
-5.159070778730037166e-01
-7.342406637802252334e-01
3.041983869820665820e-01
-9.638377116680514334e-01
9.795644148692181918e-01
2.780119684009840775e-01
1.662577191694811773e-01
2.042650732594937235e-01
-5.927231289970191774e-01
2.591539161859295337e-01
-8.255919565263272197e-01
-4.261109450425524248e-01
-8.784348928307479376e-01
8.536669373765544133e-01
-5.341257540316253216e-01
-7.972468353347994530e-01
4.931140260936395237e-01
-5.740401289974028654e-01
6.092308351206470185e-01
-7.755828546107679244e-01
3.669775646915847123e-01
8.360436572912415265e-01
-2.667610150110473199e-01
-1.046010169650306576e-01
7.637624395232118779e-01
5.035393903943028437e-01
-6.934210854979161454e-02
6.564570575286960974e-01
1.820583909467936579e-01
1.454272137886793992e-01
-2.648974779151416215e-01
5.536338340766830957e-01
-9.979725623545343538e-01
-9.930573750450701898e-01
-2.631440844469543627e-01
-3.202156124854464991e-01
2.824406135583024113e-01
2.357373898334886864e-01
9.939256385357571055e-01
8.968619353878568567e-01
2.387797994420273184e-01
6.061331795411037948e-01
-5.463503014282617976e-01
-5.456541152199756439e-01
8.414624405473480895e-01
-1.592090209131367118e-01
4.833645009198261899e-01
3.465555252702154920e-01
4.165707510048146656e-01
1.846233550785278954e-01
-5.329435430527191819e-01
4.753392994410474692e-01
-3.939309659321166279e-01
-3.104094971787829671e-02
-6.607372707354812746e-01
2.189444417164250201e-01
4.043951922366251228e-01
-8.991705767903042101e-01
8.059074298382811197e-01
8.947721339329359758e-01
-4.674771389024736656e-01
-3.480974950470563378e-01
5.932460647557626920e-01
6.261410220086520706e-01
-4.593012531307902879e-01
2.318934202176312631e-01
1.883496754332771861e-01
8.397894695712080360e-01
-9.074063817546373922e-01
-5.637544531849880691e-01
6.620942551174919810e-01
2.364550984630546804e-01
-6.350873337363340809e-01
-6.598097402800677802e-01
-3.032630396616713409e-01
9.629365874469979492e-01
7.628565328575471760e-01
-7.792078756433815645e-01
-4.461680474503304517e-01
7.260734865201201593e-02
5.502512513626234281e-02
3.631227039344371299e-01
6.549036930212366325e-01
4.560152978812543889e-01
-5.712271492190170719e-01
-4.171965444160057324e-01
-2.936153412304338683e-01
-6.400780505618437477e-01
8.143639231842727533e-01
-3.836107506708730241e-01
-5.485592321903871582e-01
1.045063314074574645e-01
-5.484946008876236956e-01
3.706871617861151602e-01
-2.855197160306723880e-01
4.611781866553708031e-01
-5.159000321914686271e-01
2.763380315525592046e-01
-2.891254752916831983e-01
-1.218513324359651318e-01
6.361636467103037873e-01
5.892512641965192977e-01
-5.728055538887615317e-01
-5.803113892457201217e-01
-9.394109657372959887e-01
-1.394298820434876074e-01
5.042034222922779918e-01
2.929682293590609721e-01
8.414502187082359974e-01
-3.151338482401824237e-01
1.428287984401326316e-01
-8.081668233929986123e-01
-5.294640943584916215e-01
6.727186987160764797e-01
2.628383360575148320e-01
-2.898981488743073154e-01
1.949315133862423721e-01
-2.300414202866518654e-01
-8.974642995550652369e-01
-7.550280875205841458e-01
-1.137047982106806909e-01
-6.527412423450482670e-01
6.108334541619238056e-01
5.486980579981259876e-01
5.216317183264842505e-01
5.387434908915409437e-01
7.455335309548181133e-01
4.934922992308645728e-01
4.797879530256885516e-01
-6.750301336665387453e-01
3.779896875063510908e-01
7.340403047059607111e-01
6.882455442528006007e-01
5.399405865772628488e-01
7.598586033442118470e-01
4.866408000750930274e-01
5.125422407351898357e-02
4.845847733281338776e-02
8.823644986871046481e-01
-8.134059980741552565e-01
4.516005885993878977e-02
-9.402519941839539985e-01
6.425126551768256533e-01
-8.963127343815526782e-01
7.469267680695517164e-01
-9.657490624596332118e-02
4.177644433301368476e-01
4.339522804320627980e-01
8.175115024142456388e-01
3.203014226667453279e-01
5.709409973024406337e-01
4.229523497801765952e-01
8.274240272842197097e-01
8.941643157342054060e-01
1.833905913630489160e-01
-6.261559971183709994e-01
-5.747094506567353989e-01
-8.388296169007580794e-01
-6.649179010559591596e-02
-5.588751741253170646e-01
-1.413327241068442763e-01
1.269514868270722463e-01
5.156406234565744651e-01
8.170493681961032983e-01
-5.920030083053631209e-01
6.063513880521260724e-01
5.577422956053119663e-01
-9.693200433074269373e-01
1.834776000228188764e-03
-7.361061880588772866e-01
-5.622357268156963350e-01
9.387514692416387696e-02
7.692463449254383079e-01
6.958453750834019402e-01
1.590932243228551091e-01
2.474733300947753456e-01
9.129433303829268542e-01
-6.601642753601724145e-01
1.038672212311932963e-01
6.698894137504631807e-01
3.058805421607821984e-01
-4.393360273400035432e-01
-8.377413511061422291e-01
2.527148524677351737e-01
-4.848939364080229186e-01
-8.970243401360433744e-01
6.418855279136990166e-01
4.879316332856729055e-01
2.387506741183040848e-01
7.658169419861695637e-01
-4.397831874958779697e-01
-6.558121753890653327e-01
3.760729978823036390e-01
-1.038907738227756727e-01
2.026402431962899264e-01
3.374367991376836518e-01
2.141886206423853078e-01
1.414165976701331484e-01
8.554507839003016034e-01
4.646277755332020032e-01
5.185536468553428868e-01
8.694521837992250646e-01
3.406143238220036285e-01
9.885570248342561150e-01
8.331256630868155710e-02
3.014088355199624480e-01
9.082912613896767517e-01
9.231022633390615351e-01
-6.703869278467011750e-01
-4.584695608809281620e-01
-7.389188374956312533e-01
7.173987380504962541e-01
4.781076771741878950e-01
-7.076083684379657068e-01
4.423802112812906806e-01
-5.275286249026456264e-01
4.087054116641319901e-01
1.362269367677715337e-02
-3.232439739613290897e-02
4.537083063902069835e-01
8.827083889196245536e-01
-9.067418702904226357e-01
1.056544463387809607e-01
-2.763429962655479244e-01
-4.905986406911113651e-01
-9.727735906038685876e-01
