3.538478931398099103e-01
1.432731907295530238e-01
9.802881535127074830e-01
-5.514213458075545304e-01
4.996315225453566988e-01
-9.070054909652947028e-01
-8.613127992143545519e-01
2.066156722423835301e-01
-6.584686011444615961e-01
-2.286997349057078299e-01
-2.420224682325737842e-01
-1.425542556008490003e-01
-8.335335217639459060e-01
-4.696059586203102931e-01
-5.624499381528962338e-01
1.902476287484839990e-01
9.255680768620555554e-02
-6.234152271285475777e-02
4.941248470944918925e-01
5.975098298700478594e-01
-4.640305896245884298e-01
-2.913229975862190457e-01
6.673144513882591777e-01
-6.061100931338270215e-03
9.910447171484266793e-01
1.374994697733200599e-01
-1.915835484992145510e-02
-2.471550475008914560e-01
-8.912566160112735947e-01
7.098386308709916381e-01
-4.801337768412883289e-01
7.877253402775181712e-01
6.555839261757576697e-01
-7.383996376836088338e-02
7.680083593025117672e-01
2.249546510606088567e-01
1.239150408790465896e-01
9.183920036546366905e-01
4.777299225673274918e-01
-8.335428476453055069e-01
1.844157011961395920e-01
-8.773998286001298830e-01
-2.231270129450473316e-01
-4.694430605773116660e-01
-1.991211314641538888e-01
-4.235171067687426572e-02
-7.188925198322300147e-01
-5.030832690449211775e-01
-3.959062008070723948e-02
-6.867411290341418617e-01
-9.617800593050112035e-01
-7.615610370237633209e-01
4.640577110165040597e-01
-2.021861042469519365e-01
-3.305504919656461205e-01
-5.666199456217453356e-01
7.135852306435326309e-01
-7.233400188207419479e-01
-6.288965580281058454e-01
8.351545905499004885e-01
-2.447929041925056559e-02
-7.567834400399524597e-01
7.268702761725129857e-01
1.022112586454926308e-02
3.305895516269139467e-01
7.550025845933427959e-02
5.336999044470975839e-01
-6.677849123366996764e-03
-9.920075940799712999e-01
-5.403964405114343172e-01
-4.226587551616334260e-02
4.300710423708291597e-01
-6.734552187215825381e-01
3.878676149308353249e-01
-7.902328659534947342e-01
8.303942288302443853e-01
-3.933310794238265018e-01
-7.614110934382638529e-01
4.060116954317278815e-01
2.278681953198034016e-01
2.437770400222236677e-01
-9.183529624012187753e-01
-3.772375209345664171e-01
-3.141182795966395158e-01
9.919004015592429724e-01
5.839088041950013519e-02
8.585893783565707871e-01
-2.632300861896628152e-01
-3.453249009413703607e-01
6.263395503883282256e-01
-7.062496384750209799e-01
-3.188313904262876086e-01
9.807181985750532682e-01
-4.122386307806904515e-01
7.740976618077270999e-01
-7.794920918870809068e-01
8.922764230260873397e-01
-6.145583810012844594e-02
5.250264512353606250e-01
4.926143990700009301e-01
-7.071331260948232611e-02
3.351050091651521790e-01
-3.713612282847322810e-02
4.912343285730158549e-02
-4.474753274807374837e-01
-6.674800305282182489e-01
9.254791726171260891e-01
-5.025540343490200179e-01
-1.039237990628034680e-01
3.711427883151299234e-01
-3.923986897603601864e-01
-9.567162328609306599e-01
8.294820119676955539e-01
-2.050200808842514988e-01
-7.631563072669442782e-01
-6.896039695801556846e-01
2.408558351098817329e-01
-4.427239981118664680e-01
-2.972092450576746536e-02
1.381918802844244176e-01
3.944029238954493977e-01
-1.356328532747803628e-01
-8.711240042711150267e-01
-6.776435747578819502e-01
4.810099868944495149e-01
-2.831398670328590939e-01
-7.391941641907124882e-01
2.317551717366395092e-01
-1.626171373169187362e-01
7.965857929514106317e-01
-4.271577249382645380e-01
-4.367469272111874634e-01
-6.255269735449604518e-01
-9.385888082029274493e-01
4.602108464759335771e-01
4.371738360964296799e-01
-7.769834882821049504e-01
-1.341529421448000026e-01
5.258869935873586865e-01
-4.266101341446966178e-01
2.863286824410735676e-01
-2.268987316737696158e-01
-4.218053320274437468e-01
9.178976397905491691e-01
8.361372927508226027e-02
-1.981518148773617760e-01
7.379460366679229111e-01
-2.150342850485416069e-01
-6.435542632420767628e-01
-8.985610348575743256e-01
2.902819151751196980e-01
2.973248959023206961e-01
-9.357081863080929374e-02
6.678707199398523642e-01
8.461453186285785577e-01
4.759707994686463994e-01
9.700435370173785543e-01
-8.492596722324039504e-01
-5.615067116682084247e-01
5.539284628283474010e-01
-7.013346547169649892e-01
-2.316371143975730629e-01
4.185959524648832364e-01
7.141531923864516962e-01
8.684932091247925534e-01
-7.585179328852433844e-01
-5.023463135916153011e-01
3.037774191042539318e-01
-5.794334755761865186e-01
-7.930117107586847069e-01
-5.158568245508501349e-01
8.235222367051400205e-01
-1.999676051156651369e-02
3.290724483289146907e-01
-3.252575284381824527e-01
6.984881518731089756e-01
-2.053996449256241252e-01
1.624018019749766673e-01
-1.091937424847668758e-01
-2.009713651025402115e-01
-9.932927651667957658e-01
-7.461634218585511125e-01
-8.324159681409613043e-01
-4.910303809608194126e-01
1.905001868294216028e-01
-1.740985081918511312e-02
4.388508272378992547e-01
-7.723233118157790678e-02
-3.514870460504451177e-01
6.754685081528482016e-01
-8.623958496986350308e-01
-6.751067687619241031e-01
1.104042579846549188e-01
7.308457516384057051e-01
4.080969324668759501e-01
2.974858714563790585e-01
6.897442088899590207e-01
1.998811465341527871e-01
3.539120911114630452e-01
-8.000922274357376018e-01
6.724540764033224427e-01
8.902613014365670097e-01
5.025683521839010570e-01
-8.786562478968498180e-01
-6.281936762069264546e-01
2.463252079747502155e-01
-3.501344177716139150e-01
2.141913844260148192e-01
-1.892458401012451219e-01
-6.833252327307959284e-01
-1.963335420573664170e-01
-1.711638752725759272e-01
6.184041243437985447e-01
-2.827760981466158619e-01
-3.510143225677475609e-01
1.317291230138128988e-02
-1.325629399715129164e-01
7.910046395004866060e-01
-7.635284013597587460e-02
-9.301497874200626015e-02
4.705768329709074660e-01
3.566335503735673651e-01
-7.048311975146257513e-01
4.087852221673242692e-01
1.350910605970232492e-01
1.198124383018490668e-01
3.753202935428103793e-01
1.673232707974636746e-01
-7.679576244776473715e-01
-7.666940562276851612e-01
9.863603730082155518e-01
4.244006745982304984e-01
-3.760160533573020381e-02
-2.370935368476738692e-01
-7.484973217590618066e-01
-7.278301257885841924e-01
9.379536478515522191e-01
9.173798448092524982e-01
-6.220963083589374776e-01
8.343692488699061549e-02
-9.808593322631886657e-01
-8.721688282054973484e-01
-8.661914191800024199e-02
-6.003642203846442094e-01
8.720406821357873373e-01
-7.156572832859500188e-01
7.906589594445363467e-01
-8.586106942691673627e-01
-4.572795329886396587e-01
3.427159967802446694e-01
-7.051861141700987989e-01
3.382612638372435310e-01
-8.609167145106675356e-01
-9.149020032246995004e-01
9.953766637780376847e-01
7.652564463619089263e-01
-7.333341208529775557e-01
-6.356712207111760993e-01
9.102094906146920295e-01
-2.993573358891652436e-01
-5.542310052677463794e-01
5.585846130291540756e-01
7.719980751862500767e-01
-6.776152031992186409e-01
3.134903585692665473e-01
4.056673327998361334e-01
-7.599188703010144597e-01
2.110429274801783883e-01
-9.537293542369853494e-01
-8.002526517529890970e-01
1.390806054494435617e-01
-9.326852017009474860e-01
-9.188286840042403369e-01
9.938539470348106697e-02
-5.401248038249726324e-01
3.819178316510196680e-01
-2.408243987662905816e-01
-2.569372721701330686e-01
6.038246224715619892e-01
6.341901601058437254e-01
-4.295904178585741029e-01
3.950250500114942387e-01
-6.203250279833931735e-01
7.286704765594076427e-01
-7.775531939173143670e-01
-6.640567883858061737e-01
6.937333506700325003e-01
-4.353480385508643469e-01
-8.262088555430109338e-01
-1.610422207031840802e-01
-3.835198808573976326e-01
6.584106729534933145e-02
9.525170877635478206e-01
6.803545832044588515e-02
-4.603067861568008734e-01
3.128803466434837421e-01
5.635349339787971701e-01
1.620608555172813325e-01
-6.909500641914330110e-01
6.597628890457263307e-01
