6.852991459231390081e-01
6.341749967339536109e-01
3.005688901839098648e-02
7.345650008912960605e-01
-6.187468424236808318e-01
2.994440083492075910e-01
1.414747523763562054e-01
-7.707086048871798489e-01
-5.172969902614361626e-01
-1.003206371414808729e-01
-7.912963014486902313e-01
9.114982890213330080e-01
-7.359439016972848524e-01
3.925280900693985942e-01
8.922584468209797670e-01
-7.358168288365294352e-01
-4.124306046024805994e-02
5.322941411096726583e-01
-2.737858589227581962e-01
4.826988333212072213e-01
2.032864913557108633e-01
2.658359195808452924e-01
3.451245254585080247e-01
-2.502314835831873641e-01
-1.200895523211871208e-01
4.769234854360453468e-01
-1.610043432349583803e-01
3.913573557255880520e-01
-2.071414357019520924e-01
3.367198105346980164e-01
2.988801443694895088e-01
7.033621302606782866e-01
5.568252197585086272e-01
-3.750927090711104750e-01
3.766106427830315795e-01
5.595826948374995613e-01
3.249009548830072980e-02
7.264536269640653465e-01
-1.332346345004167265e-01
-3.303151117931801828e-02
-6.396880609580093413e-01
-8.702066528246545918e-01
-6.107881382776301216e-01
-1.828524443211241302e-01
7.790709362853718289e-01
-5.174221816910857807e-01
-7.811440254130386229e-02
5.507358881819639507e-01
-1.657986779395130839e-01
9.811717627538001363e-01
4.513850235538057198e-01
-2.959257835571951212e-01
9.580045358268516331e-01
7.892978747414225449e-01
-8.901382627298286554e-01
3.350075876698788147e-01
-7.910803598389826163e-01
9.093450960024707097e-01
7.118395792039002856e-01
-5.698741166523013657e-01
9.585608748905274368e-01
3.076557867660700829e-02
7.173451491307141215e-01
7.058650911717623266e-02
7.655237010513746831e-01
7.331986330560280596e-01
-5.641180237250613683e-01
-3.741203220632629556e-01
9.184027333417965622e-01
-5.396197557492832253e-02
-9.651887386846085271e-01
-8.933370257671959802e-01
7.148593054804919245e-01
-8.121467943657085797e-01
-4.906251141501778434e-01
3.692370449013211431e-01
1.062896792519161249e-01
4.957021210185803550e-01
3.725338836543690135e-02
-8.563753527465953752e-01
-4.073706095492959367e-01
1.217571190053075014e-01
7.773915149172496708e-01
3.533348436387173663e-02
-1.018417175790939933e-01
8.635657932647649027e-01
1.882368658947197737e-02
-4.854512065522520459e-02
2.978889988814503731e-02
1.636319907949532748e-01
-6.730261929523355668e-01
8.061815745670424249e-01
-7.986212597767832211e-01
-1.549135739629312614e-01
-8.680848051997691606e-01
8.160786162782398545e-01
5.681043683371023167e-01
-3.512929661719788044e-03
-8.988633086405859451e-01
5.559979444629294942e-01
7.972138359004448116e-01
-6.937790716794922652e-02
2.238123607513620161e-01
-5.635116638956747526e-01
4.535828498562324285e-01
9.968480869643370212e-01
4.257961490743578103e-02
9.834974186805640617e-01
-3.163004451090074554e-01
-3.072313181851844544e-01
5.959905352734555795e-01
-7.672262671871308282e-01
-8.987850861157118398e-01
-8.160335143612247322e-01
1.309817782244231399e-01
5.856371027280067310e-01
2.531154004474140962e-01
8.721158223931735343e-02
9.672682294148091664e-01
-2.121462517241987644e-01
4.731636551798541479e-01
-1.657514366892920421e-02
-2.682974537471787269e-01
4.872897537458904527e-01
3.298645764473233655e-01
-6.543333290134336622e-01
5.029700898568985057e-01
4.024781210597772052e-01
-1.639486381011163729e-01
1.516240564921471634e-01
-8.245326639406569402e-01
1.683227938895497378e-01
-4.779631660079599609e-01
-7.871405330432748038e-01
-1.028001146035466551e-01
5.187239358104398512e-01
-8.632202015478034340e-01
-7.716722490152614355e-01
-1.318928156981824529e-02
5.429828107212513189e-01
-4.351428332663915821e-01
-6.520058270838307024e-01
-3.106806550022958024e-01
9.984378926244974473e-01
3.780065770019591653e-02
-7.702038932953136907e-02
-7.064475479879208653e-01
8.068617743874577641e-01
-1.022410585268902494e-01
5.493632017550709179e-02
1.453799553787498144e-01
-6.552551830395749732e-01
1.904901693547134123e-01
9.043249462511071535e-02
-8.651942965619610071e-01
-8.899903359279799364e-01
3.451294455338447253e-01
-2.997631650981977813e-01
2.198577997045798593e-01
7.629978419396568068e-01
5.862400361374167090e-01
-6.540830944340758624e-01
1.934983499382767480e-01
3.082494836206854938e-01
-9.423873217619769260e-01
5.654433824325633129e-01
1.957848215690032312e-01
-6.737663362229648900e-01
-5.051594742001983551e-01
-5.597078982488372656e-01
-6.540571243820123559e-01
6.566950217724787375e-01
-2.191675359948228596e-01
7.769580615178639516e-01
8.879014557338962277e-01
-1.214395805537951123e-01
-9.574240671932061630e-01
-4.602632166859803586e-01
2.902675972687360773e-01
3.770384201556915560e-01
-3.841877300650564653e-01
-3.473032980697958738e-01
-8.795971296072500056e-01
-6.295477024699598356e-01
-6.568344064456881348e-01
6.939948367338246715e-01
-7.976718598392016357e-01
-6.427269419448458088e-01
-4.098397544676188886e-01
9.841829445837035895e-01
1.569983734292859090e-01
3.134509723553198235e-01
-4.437042011561502797e-01
-3.533872137083360343e-01
1.849023953522055397e-01
4.999576924697557434e-01
3.186697078686795415e-02
7.814823939956128118e-01
9.383858836561502770e-01
-4.798467903471279605e-01
-9.070548719557620654e-01
-3.557149923017823845e-01
-3.037609768659166321e-01
5.485754789465862036e-01
1.134116068498174368e-01
2.042002283507209359e-01
2.042037004996755112e-01
9.505518417474578818e-01
-6.142949790385547892e-01
-6.214931111316606138e-01
4.164676940211005096e-01
7.232461896021666892e-01
-4.185289145116370957e-01
9.038463693759604123e-01
-6.380257247752560978e-01
-8.523368494154084374e-01
-5.504822008170373593e-01
-3.648789680863109286e-01
5.133122063334274454e-01
-4.736905103592814470e-03
1.135118881530370327e-01
-3.155132609332360616e-01
6.302692638223170718e-01
-6.054879181351184858e-01
-5.428561043483126625e-02
-4.271817622353419885e-01
1.362218010147808744e-01
-9.691455285276351361e-01
3.144854929262459464e-01
3.906427684949196344e-01
-6.902383082930576563e-01
-7.053519655162197033e-01
-9.786496404744751132e-01
4.068680860126347998e-01
4.951288944638680967e-01
-3.935895573682546278e-01
9.224777296046338115e-01
3.269836012319684571e-01
6.241864464627888687e-02
4.998615007461042481e-01
-2.043335861017976374e-01
6.518568252406695684e-01
-3.300850623237452375e-01
-6.283819547286257912e-01
-7.867233962401338765e-01
-4.181680816674735457e-01
9.648671569263558290e-01
-3.515761160737449487e-01
7.986598599689227473e-01
-9.171563593922771318e-02
-1.821517908792353868e-01
5.185895358624659224e-02
6.396068406297195086e-01
-9.672276074134844581e-01
-1.184260227641658059e-01
-7.549251286639251379e-01
7.749801329089420765e-01
6.034358118211244904e-01
9.313745645148272523e-01
5.405686307310419991e-03
-4.278013071147885871e-01
-3.242131156904415334e-03
3.303530028917123218e-02
-7.331019818945549993e-02
9.281934397271052184e-01
5.433675741890828803e-01
9.230626290240626641e-01
-7.449779142799333176e-01
2.781725015216185426e-02
5.257001289927476506e-01
-9.691644805916623806e-01
-3.440961104200928045e-01
8.953785594946961357e-01
9.997138681310766550e-01
6.215316795399161709e-01
1.459773193224693788e-01
6.141361996492569197e-01
1.101127013397318333e-01
-9.744477101835524735e-02
-5.491519422344144363e-01
-3.508345782046453643e-01
6.555406396518972389e-01
-2.700534993425729446e-01
5.800246897551912806e-01
-2.062117061167096921e-01
1.444880162536661405e-01
-6.457338547218971492e-01
-7.923413008956998738e-01
-3.777057576042408549e-01
9.073094355446287285e-01
-2.490109775703186479e-01
4.316974706379768101e-01
-7.967017050272180434e-01
-5.028449989923373664e-01
8.518522363062754899e-01
1.382274467703275000e-01
9.708543859487346328e-01
4.058334705416166699e-01
-7.749488995944222580e-01
2.682400408671412606e-01
