-2.150564290373797594e-01
-9.706717819057357755e-01
1.639535452896796475e-01
5.448702169068100343e-01
-5.232594693564540655e-01
-4.646894900903235648e-01
-5.094768042356012661e-01
4.166795436879000558e-01
-8.882525838916346395e-01
4.095508996947361258e-01
5.252105341613380052e-01
1.532925510364429034e-01
-4.840502819216041530e-02
6.055210659516447880e-01
3.416961193342789027e-01
-2.522644160911033939e-01
-6.581135153423687267e-01
-8.434572567651934527e-01
-4.783791969705974978e-01
-7.636568220526045447e-01
5.005048501141002859e-01
-5.001238980099098619e-01
-4.545238570940266509e-01
6.167134572955474958e-01
-8.809696103938846612e-02
5.208691544157320052e-01
-6.765838521925726656e-01
8.808411620485256943e-01
4.534785652104904585e-01
-5.374767576675232306e-01
-3.797817790799016269e-01
-2.472509688002939576e-01
8.247905870542044937e-01
4.024959933556131464e-01
-9.601663207609731909e-01
9.900911951709392422e-01
9.619763327742989478e-01
4.803480403780873154e-01
-9.480507659886028282e-01
9.322194683655440350e-01
5.704996998401588026e-01
9.667513731547483502e-01
-8.773276419708437857e-01
2.185362686602618787e-01
7.855275579324176860e-01
7.735909019266824505e-01
5.520505064725296229e-01
-3.079782921480329616e-01
-2.851065584732186409e-01
7.166824723794902319e-01
-2.444287974624201887e-01
-7.338180941802756596e-01
-3.764074343373917664e-01
-8.156033079959432719e-01
5.048529227069475933e-01
2.548524068198092518e-01
-1.174729127369003034e-01
4.535170373138728284e-01
4.854524911356234984e-01
2.377189990142425380e-01
7.733776504868992152e-01
-9.486182397703690761e-01
5.164235712626485952e-01
-1.476177525927246936e-01
4.923295311807860397e-01
4.604021140398408818e-01
8.711996309948610850e-02
-4.257928044580618909e-01
3.728692553490811079e-01
2.755028021148693274e-01
3.281713772069974056e-01
7.379735580914876802e-01
3.812737220181181552e-01
-2.785329523726221002e-01
6.131499948115213261e-01
3.079578591784173369e-01
-5.182204592085821737e-01
2.550416029894158054e-01
2.060952624775191921e-01
-1.427488119032045422e-01
-4.553149407255099312e-01
9.433608494850722614e-01
-7.543073731659610814e-01
7.118635483181112722e-01
-6.722783607620577140e-01
5.794052982364545912e-01
6.113874357078330490e-03
-5.376505527551067587e-02
6.133164951293319511e-01
2.713698442438614578e-01
-8.571331849031065264e-01
-7.884559253197700457e-01
2.463867697276000968e-02
-5.206247244448867217e-01
8.296685298105397344e-01
9.391367696414638644e-01
3.749735868186769849e-01
1.476884517537517816e-01
-5.678761052065564030e-01
5.470399023115997128e-01
4.169063188311092905e-01
-4.101634291442646241e-01
-4.269313491224822066e-01
-9.858749693058503905e-01
9.574723194912346802e-01
-5.878227995639737635e-01
3.400475386720078763e-01
-2.366309120388792042e-01
7.664836456038688350e-01
4.902062976146484008e-01
-7.219679537354359855e-01
-7.555622939683930284e-01
3.398380792751574120e-01
-8.357379544332770305e-01
-8.762670144036603936e-01
8.403827541354289554e-01
6.251751331962982494e-01
6.687172394180480595e-01
6.103364963652613273e-01
7.354046153096958083e-01
-9.290064327269742517e-01
1.723261347361189078e-01
-3.429063939738290490e-01
8.234092973719164821e-01
-5.182318384904773811e-01
1.744576209435730885e-01
9.939558559739352095e-01
-8.587712217839671425e-01
3.969390669169969854e-01
6.370376658093523936e-01
8.400700201787381083e-01
-3.203931356690221666e-01
1.451975388521566934e-01
-6.295113934681344503e-01
-4.695042553400181617e-01
6.788029943424924717e-01
-7.742580042247839689e-01
2.428281004442347513e-01
3.888062218943053594e-01
-8.827717737386691077e-01
-4.677999967827572991e-01
9.963766415720838321e-01
-7.350045919589300869e-01
-9.801211763841457536e-01
9.463213284054625696e-01
9.859779386029818848e-01
7.485759878552900037e-01
4.561069623196323253e-01
3.345021824603287008e-01
-2.953420489398106419e-02
9.569617667327401378e-01
9.905799988355030727e-01
4.014897738979741337e-01
-1.908222790242783962e-01
-5.549510353130344686e-01
9.205141738036453081e-01
4.209697168876433970e-01
6.296377441472618131e-01
4.660547808748105592e-01
-6.276847409157357838e-01
6.049723793008632278e-01
7.095866517835693887e-01
6.941177745549607092e-01
8.247584420357145785e-01
-3.718098734512165215e-02
9.813717872641725126e-01
-4.245472034904258507e-01
5.207436368652427205e-01
-1.258092706261075833e-01
-7.916731337972131577e-01
3.469934372084979568e-01
8.856733057152172961e-01
2.674394283986074594e-01
-2.477423253679189585e-02
-7.686813899024407259e-01
-9.033218127995652491e-01
-1.251913247759972592e-01
-8.292486945783450469e-01
-1.158101025961144614e-01
8.775280703290027073e-01
6.667732874235992035e-01
6.028033301999471405e-01
8.540994282641301005e-01
3.006762695219429293e-01
8.604611484194888416e-01
-8.498268274639886322e-02
4.352539841118430175e-02
8.660590014349913712e-01
-4.182272815188903259e-02
3.697086176969957005e-01
-9.784870106003671353e-01
-7.134714194931430775e-01
1.038915688353929667e-01
-2.331013538628194937e-01
-2.620532119832414963e-01
-8.517106862864256556e-01
-5.154096422433587232e-01
9.198026932716585335e-02
8.816451864279988282e-01
6.447676366631136524e-01
-3.267492263539550912e-01
-7.126311500895490259e-01
-5.647196601006276850e-02
4.801787693499894871e-01
-3.507603186306362808e-01
-4.102634729531797753e-01
6.790428828603320976e-01
4.991704003227219744e-01
7.362675637444622279e-01
-6.491777790131414427e-02
2.642511539640559626e-01
-2.612939493571120320e-01
-1.882544268748700400e-01
-8.798997038440121710e-01
-2.988637685172657044e-02
1.671485754503214682e-01
-4.985093616054847576e-01
-3.655591182300668152e-01
-6.105976370018630917e-01
6.596233957535257986e-01
9.641034335565934477e-01
5.818673044136466466e-01
3.232287422570159219e-01
8.016910625181945527e-01
4.948580212970921099e-01
-6.071390602405577486e-01
-1.231043387955517154e-01
-3.856357062710953354e-01
-7.032631167280714024e-01
7.746776464207827395e-02
-7.873782118440295630e-01
-5.144687677087929067e-01
-7.432171778794687267e-01
-1.972637181291119202e-01
9.737573403614345757e-01
-6.181216315456969923e-01
-3.995646035195217216e-01
1.533615369920391380e-01
-3.691103362457703874e-01
-4.524210190218007632e-01
-9.798906967684004599e-01
7.383506088249063293e-01
3.188190969891446791e-02
-7.438721337194900141e-01
-8.399477358051798959e-01
-9.959885602069955546e-01
-8.869891422257580871e-03
7.752743764314224961e-01
4.073640358861294608e-01
-7.895941583233774264e-01
4.561660345235778458e-01
-2.996910457128647565e-01
8.067251999744238233e-01
9.345056809236700346e-01
-6.623182316950848580e-02
5.601377186859783919e-01
-7.721179092943761813e-01
-4.399891150779959847e-01
7.601680017223013675e-01
-6.110212238012775465e-01
1.237966486285633216e-01
6.320780207126608374e-02
-6.449878641421358250e-01
7.688670017798533429e-01
2.061293159967214628e-01
9.122347103966430559e-01
-2.636162614929653536e-01
-3.201813333219452051e-01
8.602321511964954315e-01
-5.330625158498136784e-01
4.826994008823692894e-01
-3.976854243119123389e-01
-9.882829286144358960e-01
-9.243275216777857572e-01
9.388305870579152224e-01
2.359265589756387449e-01
-1.995039628454489122e-01
-1.401126301140669383e-01
-5.472200136565392725e-01
6.735785632077277985e-01
-6.348601286707824531e-01
-9.539267258337327249e-01
7.713771089661733971e-01
-5.655810084179542230e-01
1.375055940930329790e-01
-7.207417273677496627e-01
-7.692633385558398373e-01
6.643446619838155875e-02
-4.612047184079519635e-01
8.484883542388685918e-01
7.066006079387272543e-01
8.459972954478700569e-01
2.350491778892693784e-01
-4.098189587684166746e-01
1.002238905614034614e-01
7.032317752208721018e-01
-8.586492981928333101e-01
-7.070447818420844133e-01
-1.383299796755355082e-02
2.226456242665060259e-01
