2.536025663365324423e-01
-1.576689820650201135e-02
-8.829556698874478915e-01
-6.665350159516527651e-01
-9.925680150598337192e-02
8.914631630552032338e-01
-3.674033051315639398e-01
4.295687396016580895e-01
-7.791828420018245271e-01
-8.950543739243097541e-01
6.008049043603669315e-01
-1.946365683360808951e-01
-8.807893528296466545e-01
3.371253875639030895e-01
3.473187468248095655e-04
-7.732332198855174088e-01
-8.904892344603281273e-01
3.637889318595521893e-01
-1.378628623570976597e-01
5.436010098335100071e-01
-3.622617064500466277e-01
-3.631027171131293585e-01
-5.723459422634626925e-01
2.366248406013862216e-01
-5.891033979852151603e-01
-6.468119401590086692e-01
-4.963404909516373475e-01
-4.264615505744548951e-01
4.231646634869514756e-01
-2.399978360375292219e-01
-9.330682029759604923e-01
7.458246457456589873e-01
8.399732185487485125e-01
-1.146997885762117697e-01
1.056299581697097700e-01
2.789644637422650231e-01
2.027140659118236155e-01
-4.477445095252778895e-01
5.791848223286195640e-01
9.231686363149484986e-01
-7.742902043667845291e-01
9.433846966066403716e-01
-4.351810086297014379e-02
7.358376367866508172e-01
8.041500607130691591e-02
1.174130486745841306e-01
-5.150731593291304478e-01
1.141627693095716989e-01
3.094916927704323140e-01
-5.404960675449566043e-01
6.196941161172748735e-01
5.192796601183711225e-01
9.178631664437455484e-01
-6.325308915483294214e-01
7.460253634874558504e-01
-5.654969731363761465e-01
-9.374608697549815517e-01
6.233654421526819700e-01
3.383962971445058088e-01
6.710681658259805005e-01
-2.958778041200631481e-01
-7.010153286839579945e-01
-9.126879512171370834e-01
-6.198246788671415430e-01
-2.954433738635995343e-01
3.021700403287408410e-01
6.656336313359214607e-01
1.174504230451609565e-01
8.406802694248871610e-02
-4.192157190663705624e-01
8.969627959835122510e-01
-4.342955847534843983e-01
7.340163345592436439e-01
-9.181894144380566836e-01
-5.912122718005412558e-01
8.561420008198028508e-01
8.736623900030024981e-01
7.846509401081322999e-01
-1.258175881714940214e-01
5.042246911346044413e-01
-8.424057194549106065e-01
8.167495110829077198e-01
-6.021533912597858418e-01
4.867953709368766368e-02
5.487336502101558544e-02
4.884620935965671151e-01
-1.706309061398252336e-01
3.970359889832215661e-01
-7.768844482899859294e-01
-6.854785649094663480e-01
-2.690401644768685152e-01
-7.251200359485918678e-01
1.685056936341371436e-01
6.778849949183785029e-01
-5.310472326390787146e-01
-5.249877558590074766e-01
6.642168846378251335e-01
-6.213591883455653608e-01
-8.735910160690625315e-01
-5.815889322327072453e-01
-8.352046275390574426e-01
-3.293916166705197490e-01
2.512723386445450124e-01
-7.167867882967284832e-01
-1.719833317217627222e-01
-9.136426627187987926e-02
5.615885381366332307e-01
4.561163775448091595e-01
-3.859300964818828117e-01
-2.810305859314803367e-01
-1.511630652425106636e-01
7.640758806252236912e-01
8.591715706933955587e-03
-3.633839118166770632e-01
-5.641606717995246711e-01
-7.178068668804269414e-01
-2.374869769105865114e-01
-1.225814766157973246e-02
2.420176814626686657e-01
6.260437080533576282e-01
3.452520129504779156e-01
-8.648948921259724809e-01
7.285020646956135160e-01
3.377082371507509340e-01
-8.402141326164567214e-01
9.554959952983348437e-01
-6.960333764999646622e-01
7.423521853282006866e-01
-8.399458568620399301e-01
4.323606089612375136e-01
-6.997898636586996624e-01
-2.744835718164182481e-01
-5.781036161371895243e-01
2.651817960368700877e-01
9.084173747037667113e-01
6.047554403503587750e-01
6.954828206090877263e-01
1.624866095383339371e-01
9.741826661328538695e-01
-9.779705864108929614e-01
-5.391050651722604226e-01
7.815755961944881314e-01
-1.416078960051283531e-01
-6.245489707537057456e-01
-2.265184289870829648e-01
3.173431486536337776e-01
5.706313831673082149e-01
3.233904257263671145e-01
-6.494755444878812511e-01
8.607088437845415996e-01
-8.648638354896229785e-01
-2.937955432852268345e-02
6.941094700371290838e-01
4.876465698658776216e-01
4.219960873354959840e-01
-9.935799837443355376e-01
2.719419203606401325e-01
-5.028447547971865994e-01
6.216756874518791776e-02
-9.652579955989784022e-01
-9.844811579856560524e-01
9.066753993204752504e-01
-9.699318403372407804e-01
-3.623618174791816138e-01
-5.958836362695090205e-01
-4.924408417585646180e-01
-4.964039679283238637e-01
-4.798933524835784503e-01
8.255816586454314265e-01
5.025112335041659328e-01
-5.747726528137868662e-01
3.950372195726656877e-01
-8.368858378874419746e-01
8.859680109101537582e-01
-8.479069659328601904e-01
-3.660327676019314858e-02
-3.613197800451073416e-01
-9.761359653077592569e-01
2.581053705515534702e-01
-1.235452240145298308e-01
-6.014789755668203952e-01
-6.550264360726061330e-01
-2.009504116887104175e-01
4.376146626527883665e-01
-5.781348199476545879e-01
2.583987024514262654e-01
5.715939395608999885e-01
-7.322897558806378271e-01
2.904256918945300470e-01
-2.260720972722718436e-01
6.712143941048509532e-02
-9.669328953047655606e-01
4.988800411500309284e-01
-6.561487256951092917e-02
9.763210211825568141e-01
-3.666120161790362708e-01
-4.399838126333470711e-01
1.686455299263101004e-02
8.437717687757191332e-01
7.231090649333782316e-01
1.705622722617048392e-01
4.373702593872317301e-01
-8.287210934474980029e-01
7.125909102467709033e-01
1.454217700765927379e-01
-2.812999084247214121e-01
5.775040674750835379e-01
7.908598489397631326e-01
-8.355030345120530999e-01
-2.967357587348433690e-01
4.812499693264309375e-01
9.667751990222017699e-01
4.447725901383423608e-01
7.662581790655533798e-01
8.250679069271193988e-01
4.829556285035603302e-01
8.012445727860932898e-01
7.577703416191543528e-01
5.288449983645597818e-01
-5.129753055003858364e-01
5.259437866558072106e-01
3.846247460156093645e-01
-6.947344653540756809e-01
2.947505182636285248e-01
-9.536937288949647318e-01
-7.160957708279391820e-01
-3.735991542487315797e-01
4.457330137628201516e-01
5.074763379639990468e-01
6.656713775940432676e-01
1.615726855093062575e-01
6.863176848697263299e-01
3.824700657839077422e-01
-7.916229490050006312e-01
-1.166697249255850277e-01
-5.052995008231253582e-01
-5.948322932835456989e-01
-6.571000582305150939e-01
-5.719600291819928461e-01
-7.654801062841145587e-01
-7.003168232603678156e-01
7.918890806676872618e-01
-6.573117782597366343e-01
-5.289841729108135659e-01
-5.573024834662088089e-02
7.829908297444498899e-01
-5.463410475819729939e-02
9.577734049019586138e-01
-3.737229386904610262e-01
-6.339773265599468743e-01
-6.094956311471444454e-01
-1.793795931793957799e-01
-8.787335298250475990e-01
-6.537714894976136559e-01
-1.267038256672547991e-01
-3.001634731932600886e-02
9.110237691025764306e-01
-8.925144360053582915e-02
-1.365635167875225431e-01
2.955726770356825739e-03
-2.274165766847151549e-01
-5.758166208320731894e-01
-8.165638016529790377e-01
6.150440048710261731e-01
-8.523479017575765759e-01
2.107366548277298524e-01
-5.869723601044645189e-01
7.503107608757393354e-01
-9.329508691022114775e-01
6.633630106152501593e-01
-7.804076170888221142e-01
8.114302770532824116e-01
-6.604345134709688203e-02
3.234140184453921929e-01
2.846477030052381174e-01
3.797672277328933976e-01
8.436206620979413984e-01
-3.802540821200439680e-02
2.280383011934201676e-01
-6.342495872340736529e-01
9.599602009312167006e-01
4.678818096153132267e-01
-7.399708478950688395e-01
1.807088835260057813e-01
5.823105360505271832e-01
3.590537391003236767e-01
-6.842823842018843639e-01
1.516573520527335628e-01
4.734278875448272306e-01
4.753191036409498693e-02
3.800612343354834444e-01
1.683693666729551008e-01
6.992127022368155309e-01
-6.374778366147868525e-01
2.420263499390455930e-01
1.547770298775841269e-01
-7.212261233033252505e-01
6.373335097739278865e-01
-5.519665109189242358e-01
-6.277355174261420867e-01
