9.748341954860115788e-01
4.249909594353584730e-01
9.054910666862201474e-01
3.296140024739531160e-01
7.750398253825756534e-01
9.683791406362649568e-01
-1.514394477115943438e-02
4.918509438498719355e-02
-6.970395453626765381e-02
-5.259263277028130013e-01
2.039343798924311280e-01
-2.701085422977349548e-01
6.331540628887100119e-01
-1.432348453315777093e-01
-6.592886040519425617e-01
7.389450709261293770e-01
4.921922217250860321e-01
-7.094011124462256124e-01
3.220849912121397374e-01
-4.805201090740329750e-01
2.565217777336263882e-01
-3.197596829560696019e-01
-9.153956733988450889e-01
6.408373155019821965e-01
-7.203804296142546360e-01
7.927599438392880504e-01
5.376299015618153376e-01
-3.380661374310993672e-01
-2.185891703828242161e-01
-5.063626147707813718e-01
2.950970216225112797e-01
2.419721564063057606e-01
8.570415426163275896e-01
7.070415969870182948e-01
-5.894561035615886180e-01
6.230934068338531695e-01
4.586882223671959746e-01
-8.279648654060021151e-01
3.086525413182759081e-01
-2.027017349113531264e-01
3.465489300012423168e-01
-9.514783421113381934e-02
1.137935412795234580e-01
-2.988483399622985370e-01
-9.696317153889140172e-01
-3.653301305950964473e-01
9.561705610047495085e-01
5.926420302840742504e-01
7.708184767640684498e-01
-2.168781505911914209e-01
-3.771226075087654728e-01
6.157761968881070302e-01
4.055813442649909284e-01
-9.412521909964333133e-01
7.020578177994749591e-01
-6.794601582497694636e-01
-3.152583322888486972e-01
-4.226193998840479527e-01
8.337588524330006301e-01
-7.049080074751707947e-01
-8.537233257916509999e-02
-5.155835772370536141e-01
8.114991703124512235e-01
3.292683591338358973e-01
-3.919638655839414731e-01
7.897058244952854800e-01
8.006168064203309509e-01
-6.684179184731484646e-01
2.498524465949227835e-01
8.117793898060865487e-02
7.957423521373558906e-01
4.726161955440510987e-02
-7.013519574043338700e-01
-4.323667348411093236e-01
-2.572390182474380005e-01
3.578789653893326150e-01
8.450746844203311792e-01
-7.347255021953296161e-01
-8.606873107595776062e-01
3.246022842789211271e-01
-7.256650637399950643e-01
-1.852617274104446654e-01
3.612358911646122994e-01
7.975849889979191865e-01
-3.988424783932149609e-01
-5.229984817762771687e-01
4.373382276654844691e-01
7.473733623997269593e-01
-8.397321888183755245e-01
-2.905305761702581258e-02
-9.348260522177069820e-01
8.460936747455416462e-01
-1.876028929919446586e-01
6.647984424694055594e-01
-6.077248436441575752e-01
9.241914897410965501e-01
9.554722234034176420e-01
-4.151032450810054897e-02
-4.973948200953637322e-01
-6.275426360571645379e-01
-5.086178844529432030e-01
8.449130312151020838e-02
2.929751871023000831e-01
8.037540116034636029e-02
7.493093137574722284e-01
-9.518975350791114565e-02
3.604094750162580851e-01
2.614573369631174593e-01
-4.008914490951989151e-01
-5.257994047271585814e-01
1.725235294785252282e-01
-6.858947295023014590e-01
-4.394316585744308945e-01
-5.748848866916693723e-01
-9.280462652734449147e-01
-3.127323720185719580e-01
-4.943977117093349971e-01
1.586941180711254340e-02
-3.535610234112527284e-01
-3.256172975985418550e-01
8.199496576128748604e-01
-2.986790484972041693e-01
-1.441553360477885182e-01
-6.392949787896624603e-01
7.594440944391214199e-01
-3.899632917181634628e-01
6.612136099206182838e-01
9.200368949694233134e-01
-6.227940460856487004e-01
-2.410628811756811984e-01
-2.827554495554538416e-01
-4.318656521974622020e-01
-4.597530627566492889e-02
3.507853981420654410e-01
-6.542031030446726625e-01
-9.684847767430764254e-01
-2.498808175968947332e-01
1.384588406957047990e-01
-8.452126620393334289e-01
9.753782742709300457e-01
8.937537813267706355e-01
-3.493232544795288330e-01
5.366814989028361182e-01
2.356947027711451259e-01
-1.612697744853484050e-01
-4.285864880015459732e-01
9.985365458619295254e-01
-2.478079374907538046e-01
-2.603356179335314380e-02
3.077911182232770937e-01
6.620633147837073906e-01
6.822574865470172334e-01
3.546990670492591313e-01
-2.548993516003514870e-01
-2.891411628040960746e-01
-7.636543734978129550e-03
7.195493921326112652e-01
4.899703797549477269e-01
1.404227812687184329e-01
6.746188457067776589e-01
-8.753159270741481812e-01
-5.678514246862986781e-01
3.371997576544136788e-01
6.504223867067964182e-01
7.868399463199433619e-01
2.985327537547752819e-01
2.320390384876120926e-01
-1.222603478356492079e-01
7.714924584077140768e-01
-9.159057812401498744e-01
-9.083959261283645059e-01
-4.715652733410702346e-02
-7.542722454220651684e-02
4.234076658980754360e-01
-1.147804222973083377e-01
4.207722862790552742e-01
5.937633730979741120e-01
-3.980209193957533476e-01
-1.669699932954920030e-01
-7.432243849999748964e-01
1.248391817326501840e-01
3.924229428190530999e-01
-1.976887498034962665e-01
-3.003336863912762222e-01
6.002031586840339550e-02
1.676114449314294319e-01
-4.008062999787025404e-01
3.630671343383697902e-01
1.727782696169597454e-01
1.961354998335216315e-01
-4.987489150344932565e-01
-6.084051853990779524e-01
-3.536503297010793467e-01
4.065509434270400124e-01
7.975632994372314766e-01
-4.178477781272975644e-01
9.973064687698702802e-01
4.919981183023909299e-01
-9.114953563547232296e-01
9.081905243158090446e-01
5.549940352127871179e-01
-2.848526454497304350e-01
1.156798732773480776e-01
2.119684721797465699e-02
-1.501809495244972315e-01
4.271971542927621712e-02
1.580309482925001952e-01
-8.386948454864273650e-02
-3.143772938274596029e-01
-1.612122341712733942e-01
-6.152862805903160925e-01
-6.593703127217134252e-01
9.630768216778509139e-01
-2.549466494902814517e-01
6.952922274588508866e-01
7.126569576192132160e-02
1.262327868273538378e-01
-5.370327260558198645e-01
9.016517992436139384e-01
-5.963584338675111951e-01
-4.742543039641367031e-02
-2.083358384416755804e-02
-2.094581967269224521e-01
2.657324473581910151e-01
8.240024067844080591e-01
9.176308698446233869e-02
-7.706366961631201384e-01
7.116232198028993317e-02
-4.710915894988385588e-01
-9.834789307435487515e-02
9.907462459101541441e-01
-2.726179352205730932e-01
-6.442051489568907385e-01
1.544354155795968353e-02
3.364884654833655286e-01
-7.678206152252067263e-01
-6.255423397672168484e-01
2.816104980137557057e-01
9.856051422418548036e-01
4.705588080707601151e-01
6.258528221292365412e-01
7.000107781006947860e-02
5.519291623969240224e-01
7.519335343553241735e-01
1.782098957040179066e-01
-5.225303287185738554e-01
-2.881114875241845841e-01
-1.161815490574911180e-01
4.443573660658732827e-01
6.638619091828990015e-02
7.218391265485759600e-01
-3.566592154456165176e-01
-4.874487431060199327e-01
-2.328277475105309247e-01
2.117201359873552846e-01
6.453371172049424676e-01
-6.111129602397484817e-01
-8.387714278660398648e-01
-4.051706085612201136e-01
-8.217884572260909515e-01
-1.233937381671454947e-01
-2.559237028286587279e-01
-2.402728736669628162e-01
5.858479145569828184e-01
8.729224705997751244e-01
4.590826457415493334e-01
5.538411138178231941e-01
-6.338379215321230387e-01
1.889862258616026303e-01
2.910914392130787842e-01
5.400440813531768303e-01
2.919348113695048319e-01
-1.776748446608866772e-02
-2.325114662294214263e-01
-3.699888499917962648e-01
-8.661148450331028759e-01
7.861773865030692310e-01
-6.326942091707459248e-01
2.544927503308258565e-02
-5.236939356216392394e-01
-7.838714306150935673e-01
-4.642037772591400824e-02
-8.380874511805243010e-01
5.518534654910443038e-01
1.903563769307914377e-02
6.266984815397780295e-02
1.712156888402749377e-01
-2.044947843740172466e-01
4.964150296604892265e-01
1.086569529720284866e-01
9.010359036055199944e-01
-7.030647337330875324e-01
5.380503155657747616e-01
-9.424219092150287747e-01
2.243724164244471631e-01
-1.571635795970016680e-01
-6.296885902593261086e-01
4.537349841536020278e-02
-7.453499582858260641e-01
-8.195192303735274741e-01
