-1.555035669056032965e-01
7.718719145957422256e-01
4.891633028076440848e-01
-9.201135791013614895e-01
8.241071916363182925e-01
-9.356450250519576795e-01
-7.294532718735788901e-01
4.572233288716309740e-01
-4.070048132788761652e-01
3.137778981161143399e-01
8.689834016439275111e-01
8.711724746900990635e-01
-2.305870056828813741e-01
3.377966056315580001e-01
2.953833829692167345e-01
-8.188412509481790558e-01
-5.723123136244652187e-01
3.465426590495122028e-01
5.867131247628083468e-01
-9.085913796133235909e-01
8.453167630909659280e-01
-5.228811475754335802e-01
3.864359382139466170e-01
-3.002452388165610664e-02
-7.282311602058437749e-01
5.218677760872363347e-01
-3.643820046460357620e-01
1.044282769683630985e-01
-6.280370829528481025e-03
4.647793071972250445e-02
-4.341086110939993414e-01
-8.623264449232808104e-01
7.952399584492924056e-01
-3.272459691644864499e-01
-6.532005476394848742e-01
4.341109274864833889e-01
-9.085116531573951271e-01
8.829362384066408165e-01
7.705323390527418770e-01
3.420212233299415594e-01
-2.784068988110544041e-01
-6.400452589038867490e-01
1.911628255749575622e-01
9.445483180805505086e-01
-6.306654874111983222e-01
-5.622902991779386017e-01
-8.570444480628021111e-01
6.529071396975023589e-01
-4.209849106470917590e-01
7.249120549339720387e-01
-4.182733522909876100e-01
3.619034020595979229e-02
-7.808195966673572297e-01
-7.271316177655005042e-01
-2.139835948331536564e-01
2.777313966002799006e-01
3.097441901861390789e-01
3.755873154514342005e-01
6.512580213528573747e-01
-7.076854992696488544e-01
-9.903439182046780420e-01
2.042614187626301536e-01
-8.150013259218562567e-01
-7.310723928905962232e-01
-7.178018341986553974e-01
7.335214064382222787e-01
5.887571786458385414e-01
-1.531624859918618853e-01
-8.713248185821262926e-01
-7.725384887487181107e-01
5.880200088972209471e-02
-6.831357739131354023e-01
-6.280234976498175747e-01
-4.553530370814402595e-01
8.096174390833132950e-01
-4.490479623441474555e-01
-7.083312858960717495e-01
6.541350424677792041e-01
8.170151612484268799e-01
-5.775129218974159873e-01
3.164005928424395986e-01
8.908009465010851002e-01
-2.691291911123310232e-01
2.352462963938128926e-01
9.531722383620624406e-01
-2.280975111593777083e-01
3.708471413614089496e-01
3.703352999116280575e-01
-4.355126035403862339e-01
8.327180201644990287e-01
8.111964797679203087e-01
-4.497195895671231014e-01
2.997467945134091316e-02
8.196191549299951529e-01
-5.129186994701886437e-01
6.297340129133168762e-01
-9.288017740482243934e-01
-8.838785556099026941e-01
2.211437670018485679e-01
2.253071539715043592e-01
-8.223750452355709228e-01
4.624723372970382940e-01
4.833359514620130248e-01
2.503356488553734049e-01
2.742445406265305863e-01
4.379815300689182678e-02
-7.256893445833323408e-01
-6.820276961963032125e-01
3.325180309142636847e-01
7.308899209348540538e-01
4.481359867482190840e-01
7.042968565702134587e-01
7.936102144188239560e-01
-2.325681120881724073e-01
-2.494904615966733186e-01
-8.555440821052600064e-01
7.313975697554475630e-02
-4.377113480124981137e-01
-3.496660132079165706e-01
-5.441138567952903404e-01
2.816641831900223991e-02
-5.402572686518356537e-01
6.903202060788053984e-01
-9.670124373671589169e-01
-9.199955376844497490e-01
6.816546433803629679e-01
9.303372227019939267e-01
9.514502075563155969e-01
-6.269321565396839269e-01
3.436740390944552637e-01
6.930206447579407847e-01
-8.298161823479677235e-01
-5.500194083319722704e-01
5.810933740059529562e-01
9.524510158166037410e-01
-8.147318826751521748e-01
5.490209431185375522e-01
7.053086512785460283e-01
4.865217651321507297e-01
-4.540239502559761942e-01
3.115840545500998537e-01
-8.900340791302097099e-01
-2.892056496233634810e-01
-4.480032717468618308e-01
9.693500386076552289e-01
7.863580478620078029e-01
7.530229798113401429e-01
-6.913129164857523268e-01
1.762459544194172611e-01
-5.730780378037128031e-01
6.728070102382999185e-01
-7.556603345301171615e-02
-7.292442227678741506e-01
6.102788428935668197e-01
5.743825089622778268e-01
-3.210485662313826705e-01
4.249885770174111066e-01
1.575053827365853198e-01
-4.659164017650558876e-01
1.619550573563710572e-02
-9.351026069039523048e-01
1.467112704115698385e-01
-2.357352857488932418e-01
-3.968324887365575204e-01
-7.827471579827596226e-01
5.429804505013253735e-01
5.770993093860643519e-02
7.923387253713589651e-01
7.869692474969158802e-02
-6.252586280233307647e-02
-7.357521733437732969e-01
-1.968824083238356337e-01
-7.734443227627822992e-01
-9.462109695533467146e-01
-5.705360549387148428e-01
-8.673778155403053525e-01
-7.074358930441368987e-01
1.758819861814311380e-01
2.801707370152206611e-01
-5.308159959043030618e-01
-3.039384684247166124e-01
1.304529127210749540e-01
5.654814312155507228e-01
-3.481372735527641371e-01
7.054246249480420339e-01
4.342699687027655742e-01
2.313087747361726176e-01
-2.143483492039721661e-01
-1.694324995329694605e-01
-6.995377965977682688e-01
1.794890894228431399e-01
-9.752328703903057061e-02
3.915142963225195505e-01
-2.694403417429016567e-01
6.202602186859764721e-01
-8.315753890249388824e-02
-5.322946066203915194e-02
5.118531698903316940e-01
3.776097915894369716e-01
4.766488585906514253e-01
5.748972442976985064e-01
3.009815420946138076e-03
8.412613567677418303e-02
-1.968407154396845105e-01
-8.377136844590131748e-01
-3.503887910327152522e-01
-4.595212808595481313e-01
-6.373731363991994581e-01
-9.054360397216203449e-01
-9.717684426981623158e-01
-3.539273121174588699e-01
6.634371360113844318e-01
4.818532714485810331e-01
-4.892617141572450645e-01
-6.964862545603711652e-02
6.506298930139389203e-01
7.530170121418351403e-01
9.678975236668370119e-01
9.580526714579979952e-01
-8.909083082445015123e-01
-5.161414874231544658e-01
-1.550247305711305312e-01
8.099374741402054489e-02
7.747910898739136520e-01
7.618851850347629906e-02
4.323958042697784165e-01
4.344146655491789577e-01
-8.220388326032381787e-01
1.266584741088188082e-01
-6.789112289687619928e-01
3.499447862498685780e-01
1.207590327111152106e-01
-8.423520587075958854e-01
2.800796924954804812e-01
1.517053975695124013e-01
-8.904993836623156245e-01
8.446227672592236946e-01
-9.512802344936810428e-02
-1.458435019641055597e-01
-2.260421364061508953e-01
-8.903412743357799197e-01
-5.284145171386716022e-01
-1.981703250428719087e-01
-4.166577038888195084e-01
-9.161572600251139953e-01
5.111017300565470212e-01
7.251767268524627053e-01
-4.950724052509838380e-01
7.305637508807194536e-01
4.786439937388651256e-01
-5.099510168409739919e-01
4.475409230473272881e-01
-7.344874670632859370e-01
-7.273325509158001800e-02
-8.045203407713144017e-01
-8.882618813105940259e-01
3.703913449617957099e-03
-9.996684125600165949e-01
-9.116605842307836660e-01
9.763757829236519026e-01
4.035084025453037349e-01
9.366831348845112704e-01
-5.477041435495939581e-01
-4.361530819741963327e-01
-8.961809429534475235e-01
3.034100199511426954e-01
-4.774171880199156170e-01
-2.880539672377737670e-01
5.888687883665151279e-01
2.992280486835519060e-01
7.477343724199370101e-02
-2.204923827334970277e-02
1.109476784659260140e-01
7.003825453419507685e-01
-3.503264729148587442e-01
1.259491384404203274e-01
-3.578331240543703995e-01
-4.776565903904725907e-01
-7.290833643991669888e-01
3.717265914793128623e-01
8.997634448443849742e-01
9.531352233933052531e-01
-1.007515552985487339e-01
-1.936051560453733167e-02
9.797773734187553707e-02
-1.035794632401769721e-01
6.942574555462788233e-02
1.785719945575139356e-01
-6.079708840883291110e-01
9.906093600928467247e-01
-6.219024875451701906e-01
-7.977398285602628203e-01
-3.323557627611202214e-01
7.015195944537544470e-01
-2.406186565516277298e-01
-5.776243277003609844e-01
-7.767710779541625588e-01
-1.292041968903905325e-01
8.855573123758488929e-01
-6.905459774930324812e-01
