-6.302430361805100301e-01
-5.743398849859691069e-01
-1.632748596164583788e-01
7.998973990780133825e-02
2.299574135515340956e-01
-6.519011831720715744e-01
-6.310382544363926094e-01
-4.839489950221886883e-01
6.933275860271106428e-01
9.710096958673346546e-01
9.817116496002891157e-01
-9.859443520413146977e-01
4.149239638669377506e-02
8.873487014992365030e-01
6.443464284703361855e-01
-7.530429200522839039e-01
-6.503163413586159347e-01
2.509417916065506127e-01
8.750654481405186758e-01
5.583757404137246194e-01
-2.410737863686975846e-01
-1.138608244391732249e-01
1.565368620624847384e-01
-1.235780530369501307e-02
4.381469448757773222e-01
2.264258536425916013e-01
7.544738348631367941e-01
9.407572842600224750e-01
-5.970996882744998846e-01
8.198195106556616096e-02
-6.761997395850696257e-01
5.818506153605613740e-01
3.678192217823124111e-01
2.632486591482325888e-01
-6.629305999644174996e-01
-4.936890296979188353e-01
1.800248797484360619e-01
4.553407496466488347e-02
1.602852489427464278e-01
-6.773794457247732659e-01
-5.640426805265288390e-01
-2.423900973351245103e-01
9.436968656905413422e-01
7.092713125180289957e-01
7.843336532139175699e-01
5.157652849142091434e-02
3.320549736594924362e-01
-1.426537679346462362e-01
-9.141453900821416845e-02
-6.239763027718778776e-01
-7.551375145803327360e-01
-6.220726425647415958e-01
1.562290961600945050e-01
5.632791878711667088e-01
-7.493334319271562904e-01
7.715084039482817957e-01
-2.296142684555082525e-01
6.126126422032009966e-01
-8.916380743895426786e-01
9.434773254837480749e-02
-5.620091445448482936e-01
-8.344090908373675841e-01
4.839942759339810330e-01
-3.877433604618094609e-01
2.902057752104061361e-01
6.128669458194102582e-01
-5.665172139003336049e-01
-5.576175011199111520e-01
-3.581977406228453731e-04
-2.365067899220589798e-01
9.847673708615318766e-01
8.876345586445673064e-01
-5.521172132573881619e-01
9.493291268273811312e-01
9.890161522307254760e-01
3.955823636421706979e-01
-2.816934341885981574e-01
-1.019438200808684414e-01
-1.104298489601052147e-02
-7.416810419554131784e-02
2.544999955039122241e-01
4.442881142764640856e-01
-1.604737393302846371e-01
3.027868304463987581e-01
4.893036863063011666e-01
3.965800586734020694e-01
-1.183787029692091597e-01
2.670421417269386311e-01
-7.338117326712891852e-01
-7.443230911533362804e-01
9.050021400664554072e-02
4.679856797390866685e-01
1.293254916924939657e-01
-9.901134015228763019e-02
7.305294363873935382e-01
7.400840736582423585e-01
3.828469791907198605e-01
2.155295142414750398e-01
3.218011885072624700e-02
-7.971683895951611198e-01
6.239939604855977429e-01
-5.752696629228206682e-01
2.997287970497428677e-01
-5.919205664839388703e-01
8.064922527365814275e-01
-2.456265043475580612e-02
-8.102467846960539344e-01
-5.456148623672398834e-01
5.359305237214071482e-01
1.406393365801748008e-01
-4.530257022890988861e-01
3.412746832738027258e-01
4.463482431743199808e-01
8.205082394630915932e-01
-2.164239141252979337e-01
-1.931089561958612144e-01
9.620602797477786350e-01
2.539359834908687663e-01
8.554671691032462721e-01
-4.094455724677958930e-01
-8.018412705267479179e-01
-1.768762662457938895e-01
-6.814925989014941621e-02
2.408778672675810917e-01
5.435415746528924341e-01
5.564787681928875518e-01
4.681794745350131848e-02
-4.749342811060195402e-01
-9.782308116300044709e-01
-5.615297242352301765e-01
-2.153521361247712207e-01
-8.862652757801252612e-01
-6.596023340071079932e-01
6.005073773771507639e-02
3.764363869631117687e-01
-7.868679345214770748e-01
-2.840698097044225268e-01
6.685408234761172075e-01
6.865565029438325251e-01
3.299715552787230166e-02
-6.676317237247353376e-02
-9.155573173184499147e-01
-8.385517818755396924e-01
3.184740214119761159e-01
8.066036580124875677e-01
-4.781171455438855133e-01
4.192847900270142425e-01
4.347157542657758000e-01
-8.331669193225803571e-01
-9.915202885892371309e-01
1.094334796685221267e-01
-9.717699960951444726e-01
-5.181820300864887763e-01
-9.097533378688593686e-02
7.893281977254793524e-01
-6.528670883131286740e-01
-6.639477291847790674e-01
7.099456743503869127e-01
-9.907765026347885584e-01
-9.328425097562966783e-01
-9.296244129709851922e-01
7.835752030039195848e-01
-9.179777759946450288e-02
-7.299071625579063305e-01
-3.503957317691797080e-02
-7.532031468987883116e-01
-4.721702216459964241e-01
-5.799012544542088143e-01
-6.799263845777461235e-01
5.501043063457786708e-01
9.520265636098554918e-01
-3.902544356403492287e-01
-4.117043507445889983e-01
-8.989214755882075636e-01
-3.705947186061506748e-01
3.862771975983856354e-01
-2.142508273616405834e-01
-1.232404299931608715e-01
-8.099553856636649840e-01
8.315545762432383636e-01
-7.535983611801055915e-02
-2.442080810280959913e-01
-6.304901757280787500e-01
-6.316773338002554805e-01
-9.162996944813774913e-01
8.038165541514223911e-01
-5.088575018490104629e-01
-7.769028877214978479e-02
4.706403495199809051e-01
-1.290391331856688417e-01
8.241010126971715088e-02
8.269955183728976422e-01
7.845831247547201404e-01
9.097576153390019016e-01
6.662216208565199249e-01
4.104337773747277485e-01
-6.252483610308203765e-01
1.365923147744165789e-01
-3.935913601031990616e-01
-6.048714539567658921e-01
7.712220353526257899e-01
8.804238323490740648e-01
6.482948793629297324e-01
-5.283917138912865852e-01
-3.928061322813614087e-01
-2.565370327425111618e-01
-2.510745044918178959e-01
4.864450050679178794e-01
6.330202742105632829e-01
-2.695655332704314233e-01
-8.153209061408859260e-01
-1.791823224796218472e-01
-2.685665664571690314e-02
-6.440435280975360666e-01
-9.156771375629413345e-01
-9.269288515305056375e-01
7.996213998834007519e-01
6.470109188613650808e-01
3.633092785108704703e-02
-3.635439203497612404e-01
6.411192681497255297e-01
-4.045947186470966184e-01
6.096814530227838702e-01
-5.144148016345166941e-01
2.980228552611583481e-01
-4.345105309944221617e-01
-2.225776249696513887e-01
-6.676156955199892273e-01
5.044842130432585225e-01
8.082132824392358472e-01
-6.422772061437507229e-01
7.661116511922549943e-01
5.359775381943672201e-01
-6.496665171420636931e-01
-6.483707949881616361e-01
-3.577036231341506056e-01
6.387384309284214190e-01
-3.926096501439828579e-01
9.447333869307961152e-02
-4.403465809953059917e-01
5.595513286614561821e-01
1.412692326843645318e-01
8.400463436727578781e-01
2.581017958943772062e-01
-9.605510875980536323e-01
2.081070286377542100e-01
6.543844592126140114e-01
-1.434275938566189623e-01
3.363697495532611548e-01
-3.313779189327805685e-01
-8.009042622906341613e-01
-8.068776130899519838e-01
2.910885263524569666e-01
-8.499277039068986461e-02
-3.319317117576070508e-02
-5.876474397553890228e-01
7.566941656229222435e-01
-6.927470037002938508e-01
8.066416986265430022e-01
7.826132415399618125e-01
-7.210241841895772552e-01
2.683534312526547616e-02
7.697751879471768088e-01
-3.109513417501925669e-01
6.208392093188586092e-01
9.538550117481405799e-01
2.217399180027865846e-01
9.342165544178862024e-01
8.694477648730578601e-01
-3.473045496403541765e-01
4.448293425037601612e-01
-1.115877348103500033e-01
-4.120246297539553737e-02
-7.573326661808188476e-01
2.338117832394872586e-01
-4.612287941369752620e-01
2.972060984057651734e-01
7.691574240217433633e-01
9.136602511926936732e-01
7.498134585895375182e-01
5.348399698410373215e-01
1.239883734175224461e-01
9.586499530462977425e-02
-5.582544484458178413e-01
-9.060189335483537221e-01
-4.217735943987801495e-01
4.616114886254054639e-01
-3.002842073773990261e-01
-3.077899871845253266e-01
-3.812680307466518315e-01
-7.755964608379823932e-01
8.058585262615920453e-01
-4.955323489429805939e-01
9.664028026940463256e-01
-5.746656619695398316e-01
-7.716568335075830731e-01
6.972329127244092373e-01
4.232443836901815803e-01
-7.811324937194101814e-01
1.581088893898496828e-02
