3.348916775379089383e-01
1.468173113831752197e-01
-5.063497182947340747e-02
2.267921641699697233e-01
-1.678826694193460423e-01
-7.435502735763757087e-01
1.600385637911911907e-01
4.032417375172234753e-01
-3.363900347919457356e-01
3.737580489528748995e-01
-7.608759582415653977e-01
9.610921446559599346e-01
7.751602932770855769e-01
-6.890703399586632916e-01
-9.547907467713263596e-01
-7.999113905740096175e-01
-3.253842080494997457e-01
-5.971537247049949482e-01
8.235189557989388565e-01
3.214003717744784439e-02
2.442434290341717329e-01
2.278954973995106492e-01
-4.315175418321144374e-01
6.328126424950122342e-01
2.846068330963402726e-01
-1.894210666065159199e-01
-1.446613524899165171e-02
-9.282633742657073750e-01
-5.728374323795379919e-01
2.125260547691645296e-01
8.508865155358669163e-01
4.339175717925192188e-02
-4.168700838659074037e-01
-3.598462931680133092e-01
-5.040292197354827586e-01
1.061283449203040963e-01
6.889418035542171914e-01
8.320025067478340475e-01
-1.709736358722802052e-02
-2.693859660833450853e-01
6.625112960488848124e-01
1.273753048884791461e-01
-6.752792913506711070e-01
-6.500646500448907794e-01
8.030728751025080214e-01
-9.826375545593351024e-01
-6.644502874132163228e-02
-6.412702321210939083e-01
-9.960468946577409888e-01
4.048722782678075838e-01
-6.559806565522552368e-02
4.429837690354283541e-01
-4.167118936081890546e-01
-1.381189263328199690e-01
-5.193616295619991607e-01
2.363363552916823984e-01
8.663991210918726704e-01
-6.494464836091649040e-01
1.713680623975364359e-01
-6.981669396426006813e-01
-7.305524645422458718e-01
5.448869480541416177e-01
-9.049042685846702128e-01
-5.610466413248564876e-01
9.493538224484163734e-01
-2.287028517122531301e-01
5.427856964584985011e-01
-6.391451391887095212e-01
-6.399355489528524288e-01
5.547418841512694598e-01
-7.812781372670078994e-01
5.916141614804366622e-01
-8.034422651963590845e-01
6.780911892719829748e-01
-5.601384504880402293e-01
1.523391563510256841e-01
8.984567249375405851e-01
-1.562906015802800752e-02
4.199215455613347636e-01
-1.532389293282039322e-01
8.280455799756518687e-01
5.666401844905342156e-01
-8.061152623273091233e-01
4.005367761010274474e-01
-1.745256469308671399e-01
-8.764482716264911932e-01
9.311564830858871655e-01
-2.907000661576504275e-01
7.123648087612268753e-01
-2.396285731520206852e-01
3.209520990115584116e-01
-3.735315329302268950e-01
4.501472653034692684e-01
9.296754028711400331e-01
6.390264003839574158e-03
2.822582114705731726e-01
-9.613675190805850423e-01
-4.770974773256819734e-01
-6.489622432883483949e-01
9.966033421761137934e-01
6.519937932454520357e-01
-3.378224368183182502e-01
-7.192504841436757612e-01
-2.055752075125882872e-01
1.108720407699868016e-01
-6.308309922347361542e-01
5.635730580807591927e-01
-5.848591742818443073e-01
-9.818914770988822482e-01
-4.142093085294964450e-01
9.155478524905893423e-01
-5.820304757403920171e-01
-4.491362215561494065e-01
-7.691255535911312169e-01
-1.214208271504702008e-01
-9.346711329137311619e-01
-7.383457126119452596e-02
-8.942566982865729486e-01
2.329702494239014321e-01
-6.636526666224584758e-01
3.247063397663576545e-01
-8.055571810508699304e-01
-3.089014348189187409e-01
7.642416782802008424e-01
-3.105925965763660646e-01
5.849095667466042148e-01
-8.575035008366114209e-01
-5.630489490419241516e-01
9.501487552565328620e-01
2.950020954208709689e-02
-2.355505466952472204e-01
-2.939620974681109722e-01
-8.622908034666156851e-01
9.582081095143355487e-01
-5.747182873204073061e-01
5.667802991879538066e-01
-3.015129464098524892e-01
3.675724818897840862e-01
6.249732572956645527e-02
-6.494557141561387859e-01
-9.495143985783374152e-01
-7.748804545816927458e-01
-6.265876915149726223e-01
3.172122710487150776e-01
9.477511338156008325e-01
8.779200222384895280e-01
-5.500423830377798584e-01
5.336750519087158917e-01
-1.480136655547159563e-01
-7.410103497155362540e-01
-3.222972770154519662e-01
2.892592419656594416e-01
-4.893819585038967634e-01
-4.588109747191326804e-02
7.180471580263720899e-01
-3.859748952416999224e-01
-7.387298088999416645e-01
3.335181685686008368e-01
-6.088638283855454247e-01
-9.435156865183018660e-01
-1.091609591026254655e-01
-7.921399981185512917e-01
9.910956048043437772e-01
6.050307434560691089e-01
-7.299965363857883194e-01
-2.789253508575242346e-01
-6.576818744975450048e-01
1.049497772346301705e-01
6.296379507466358660e-01
2.935631051369058664e-01
9.700936504817008199e-01
6.895141320684321506e-01
3.932806215774056202e-01
-8.712530722912403824e-02
6.100593789488313323e-01
9.126389476505574194e-01
-6.197210086083164704e-01
-1.589236826012800918e-01
5.545734804886643943e-01
-1.692858636894809532e-01
1.224281743063138084e-01
7.805186287003720302e-01
-2.714218192025552590e-02
-3.216313598076128155e-01
-6.120636599932802735e-01
-7.591636840923814411e-01
6.199786341848472215e-01
9.918373300891076827e-01
8.013101700180003117e-01
-4.293793907613818739e-01
7.909649342845208597e-01
-8.904141171681843048e-01
6.951903628730660145e-02
9.868312549901396835e-01
-9.032696357397211884e-01
-8.571223211711882506e-01
-1.475029690480016420e-01
-5.683526824266025290e-01
-2.025911025520474862e-01
-4.665171965654644204e-01
-3.245911043437856858e-01
6.753331167958245285e-01
-5.427342789328271078e-01
-8.322278652858174919e-01
1.444487806187189083e-01
5.353327927538342745e-01
-8.468960460835917026e-02
-6.484335165924528521e-01
5.592330105032570220e-01
-7.143202125950007808e-01
7.889431523426386761e-01
9.854069824623048479e-01
7.614465714127851559e-01
2.719099115169725245e-01
6.224427643000731702e-01
1.733965374614154786e-01
-1.443986544300741581e-01
-7.695766930775167491e-01
2.070975650384987432e-01
9.193029500853484581e-01
-7.303864605642644836e-01
7.636481497903859772e-01
2.720993688606221372e-01
-2.646646487673538495e-01
-6.840154399311704214e-01
3.788508167083173284e-01
-2.596032511705415047e-01
9.271938496649798633e-01
-6.469646127158013016e-01
7.198046553779149370e-01
-1.451661122951621863e-01
9.109113718037107343e-01
-3.082524292225554685e-01
-2.449759351099189963e-02
9.630596233917134708e-01
5.576700174850630631e-01
2.336924588100834921e-01
-1.752186025097608457e-01
7.881462659739635335e-02
-1.542041538703131653e-01
-4.026800493870883457e-01
9.818260686777353641e-01
6.374850679335832826e-01
-8.856983244415428391e-01
-1.057549941786410930e-01
2.046384373407406088e-02
2.750044482850566574e-01
4.702693399107198413e-01
-2.473080337366806436e-01
4.574643621537761717e-01
-5.543422197624354730e-01
-9.810461326620290023e-02
5.951318962892404585e-01
-6.523452170973609299e-02
-4.457041095993217183e-01
-9.187932977869717188e-01
-8.866972238455055333e-01
2.477029493104796476e-01
-1.869790985695916063e-01
-4.526544839515751484e-01
-1.067253545734381248e-01
-3.024051633541942063e-01
3.713836791212397070e-01
9.522805457141687580e-01
-9.558346536630066836e-01
3.514330512499432846e-01
1.439363599468672650e-01
-8.273485540770322277e-01
-5.364997824734376586e-01
9.055096548350065611e-01
2.735084691748912444e-01
-2.179627675879713955e-01
-9.222167798421336826e-01
-5.053284106195481407e-01
5.475971315540115736e-01
7.751775571861025949e-01
6.785131165041657919e-01
-1.571795607285393359e-01
-7.735241913963590843e-01
3.301401121813900552e-01
-5.381990162948717682e-01
2.122235678043709051e-01
-5.118612064398364581e-02
-9.906010947840238057e-01
-2.772242448318016361e-01
8.060127062889119731e-01
-2.725282473276733342e-01
3.027378766793462628e-01
4.566982030954136462e-01
-4.686123407223707904e-01
-7.149259499299500664e-01
1.594202612407475961e-01
-8.914145216877815692e-01
-8.318711296396972266e-01
-1.637383784360162409e-01
-7.860154956404490356e-01
7.817676830702027235e-01
-2.260255193147153729e-01
2.103530177452503924e-01
4.307066216723531848e-01
