-7.829651299291942035e-01
2.775848505436473435e-01
-4.749294198005182821e-01
-5.632750445110419335e-01
6.554647157232607046e-01
-2.488973740815811908e-01
4.277296482408403655e-01
8.131302797329451604e-01
-7.758133119853627413e-01
-4.502276926653696609e-01
5.859531634989438853e-01
8.698472675578947655e-01
2.047813031003313800e-01
-7.282124785505865727e-01
-7.809696400116437065e-01
-6.113662825009456014e-01
4.684735865990108383e-01
1.176229330931675143e-01
1.219946994812142194e-01
-2.597442026391563186e-01
4.516439901202455864e-01
-8.173902589631099058e-01
2.995825336866451138e-01
-3.012175344499226082e-01
2.825133025893378225e-02
-2.255907469016547040e-01
9.368358601946988884e-01
-3.973846624700980712e-01
-9.399031530924664146e-01
1.561843745838877862e-01
8.294935096107465267e-01
-2.753302092422416081e-02
-2.350242723645690202e-01
8.895129645944921393e-01
-8.871086148211837497e-01
3.160244961652702855e-02
-1.451069632862769243e-01
-9.022471507768905497e-01
4.182287135552511526e-01
3.983817449895827867e-01
6.503119307875153687e-01
5.357363511416342039e-01
4.379893928575639972e-01
6.346786735851439598e-01
-2.506223236649092190e-01
-3.276729173335175549e-01
-3.310252772287745060e-01
-4.368860369842229030e-01
-9.156067229004769548e-01
-9.491055536483710142e-01
-2.806942152162594795e-03
9.786747655187335582e-01
-5.938618260927632786e-01
6.436711976620166364e-01
-2.506819835586224787e-01
-2.666306632198156557e-02
-1.655052940870860301e-01
-8.543777176949511887e-01
-4.351899956806288827e-01
-9.882339029635702765e-01
-2.691628872752358514e-01
-7.486581248330337335e-01
2.001982528557275653e-01
3.109493920039647641e-01
4.110372759888689664e-01
-4.159024159493189821e-01
5.828681111611997423e-01
1.833771011814187002e-01
-3.653158342346396470e-01
-1.078653715824473558e-02
-4.767654390774267448e-02
-8.458611109668705552e-01
6.618675924059596039e-01
9.427601748372516077e-01
-7.437400049138724878e-01
9.844183121721210572e-01
9.338494225913012148e-01
9.386204326222240546e-01
6.842506136648627280e-01
4.924568889504139513e-01
-7.384962436657644957e-01
6.445649498168950498e-01
-2.581874307414480096e-01
9.267741408127667668e-01
-8.584623983807899705e-01
-1.243398308596961321e-01
-6.364142443473292943e-01
-5.546546353169070631e-01
9.626105221509067000e-01
1.250914709270249947e-01
3.174697126913603729e-01
2.401607840417900874e-01
-9.403454831621274046e-01
-4.758926187953165243e-01
-1.576190492441014168e-01
1.482172376334633945e-02
-5.004218758898439923e-01
1.875325481638825398e-01
-3.806064993343554193e-01
8.140895473834675045e-01
-5.555487706707320505e-01
-4.877772977293592938e-01
1.887371709425043065e-01
-3.845805919680571616e-01
-5.687100412698242735e-02
4.423767395088431531e-01
-2.704862255685500649e-01
-6.702746251915019382e-01
-2.725084212058821453e-01
-8.411588267761775928e-01
7.041988417217581731e-01
-8.369655354246177126e-01
3.029800307658951919e-01
3.985206784530694879e-01
5.270632259088303684e-02
-7.216591849212754539e-01
-7.602288721792833659e-01
-1.000508567834772489e-01
-2.215005430758467675e-01
-9.238567034899272112e-01
-8.152254371337839256e-01
-2.589478559572697680e-01
-3.124606444693007745e-01
9.710275678649908926e-01
7.675066784319639623e-01
-8.160269967156921211e-01
-8.071763419540760598e-01
-9.111287153225118285e-01
1.271039494810304316e-01
-2.451355273571040883e-01
-9.075006198328208207e-01
8.779342461958572486e-02
-1.565295705162224049e-01
-1.898104908248343659e-01
-6.950472616118830160e-01
-1.053048832872804930e-01
-7.071923986792632011e-01
-3.023803857370646053e-01
1.352197605545926162e-01
1.220906821021920940e-01
8.239834307624867016e-01
-4.120024890549498497e-01
-5.599033926811245454e-01
4.008967743967943864e-01
-1.090992142387636754e-01
-7.071984530295436500e-01
-1.773155893084188417e-01
-2.876513593836838023e-01
-8.935003750290095859e-01
-4.398916168465871745e-01
-7.145936092954370267e-01
-6.148208561449530762e-01
6.029622868300916760e-01
-7.441666749150748217e-01
1.808109551601710940e-01
4.107313560291674381e-01
-7.337747013005662122e-01
-6.352333046373785930e-01
9.215168748441118218e-01
4.942373377190452111e-01
-3.268808559841263062e-01
3.641114690473725712e-01
-8.019765365363826781e-01
7.561731824829307502e-01
5.754290581086394241e-01
3.123554762981624044e-01
-1.373030381732331939e-02
9.656475542630542641e-01
7.731548008254596205e-01
-4.431381901254498601e-01
-5.394445133155372218e-01
7.139997344076509656e-02
9.533698016110281337e-01
6.372806692441210785e-01
4.533220546472638279e-01
-2.187780133738945754e-01
4.256050899412040511e-01
1.588309154415479263e-02
-8.422475054727778243e-01
-6.802469668088004795e-01
-4.155176496725050406e-01
2.304077010808371906e-01
6.171830511380496098e-01
6.295793758836671916e-01
7.944697164316907312e-01
8.894051600403400926e-01
-4.600175581954746296e-01
-5.076343363547277665e-01
-6.802884350246527490e-01
-3.639210085419692930e-01
7.872244459915411774e-01
-3.375896846942603169e-01
6.610130320705875917e-01
4.877480068785275957e-01
-5.342235938874091428e-01
9.849875529541813890e-01
1.953091247506133499e-01
-5.114687904073422775e-01
-8.893044883846061843e-01
3.657035642015984411e-01
-3.728175240180271466e-01
3.945143578288035080e-02
3.985348588135506631e-02
4.652736223981885910e-01
-9.599275593668568085e-01
-2.258492481607734526e-01
-7.322068717669993898e-01
4.035460545224789364e-02
-9.161889471488986469e-01
-5.023362633691070833e-01
2.664877964764784668e-01
-5.447225837021161254e-01
-2.064088546498241694e-01
7.406065331267792651e-01
9.196413178342457417e-01
-4.301828506691176557e-01
3.001828946379161422e-01
-9.656006183905350149e-01
2.361837728200064657e-01
-6.143595843128497602e-01
8.523156365457085215e-03
-8.234356629218773094e-01
5.851584352778804732e-01
8.379326666202957519e-01
3.344531512305914944e-02
-3.951618243139833897e-01
3.628374481430032272e-01
6.030010508215313259e-01
9.235641934091352034e-01
-8.940539001320311208e-01
-8.435236828309171653e-01
1.736006238663860834e-01
5.016933345600271821e-01
7.110720195664006482e-01
-4.256993090139489233e-01
-3.287225029993576797e-01
3.904914617969195145e-01
-7.933405266530673128e-01
2.259171491843539048e-01
4.951491342700726772e-01
2.335480346663929563e-01
-3.683405092518454715e-01
3.652560102008228782e-02
-2.079172032028113737e-01
6.833340208309917063e-01
1.377356962631692827e-01
5.442463148557579178e-01
8.160828251471550221e-01
5.055809314904990970e-02
8.356639951882049999e-02
-6.619144470613824716e-02
3.764932265167646452e-01
3.885057757952674606e-01
-7.218399532575641153e-01
-7.545596088817385638e-01
-4.553129572189187346e-01
-8.834262884196206755e-01
-9.220639555743157523e-01
8.672333057375480880e-01
5.066414197852582291e-01
2.359748183866432480e-01
3.670873581589075840e-01
-6.422559977483306426e-01
1.090991628603781294e-01
5.001105125739844226e-01
-3.594042259136913664e-01
8.033162111857250487e-01
3.593925242914464135e-03
2.171431057534147779e-01
-9.969280368002220172e-01
-4.721042565777007205e-01
1.694418020548098536e-01
-6.640640194945488517e-01
3.127338871367220108e-01
2.246976008461851748e-01
-4.566740337653918402e-02
2.300043937338049904e-01
7.335607274519020393e-01
2.573473942274924209e-01
8.200802358619270205e-01
-4.589289118600212714e-01
-3.439965343324595803e-01
5.577388111735004372e-02
-2.598287382317931993e-01
-5.470360776246074863e-03
-5.916476773273311451e-01
5.588513791786067220e-01
8.172148788978828016e-02
9.250454466542654686e-01
5.954576137975269301e-01
6.330466955885982738e-01
6.731653384808193863e-01
8.386383784147455334e-01
7.649080469440745489e-01
3.376198497307338897e-01
-7.682460513613513786e-01
-9.175100119923409459e-01
5.767521799061139376e-01
6.374367952368469314e-01
-1.580122550214111410e-01
