5.043541821677315351e-01
3.613942465557751227e-01
6.214149457870776772e-01
6.987708928265634611e-01
-6.065532785348519695e-01
2.862880657330451051e-01
3.627596470136318363e-01
3.587535049063781400e-01
-5.556040955454641939e-01
-7.754811015527591778e-01
2.756683981783525361e-02
2.722133010938332376e-02
-9.039636042290355444e-01
-5.731495499345002909e-01
5.577405118656291183e-01
-5.058326613374934944e-01
2.446750777603254878e-01
-7.875935551851795946e-01
-2.442187280658525417e-02
8.528560290283948575e-02
-5.395130657077831238e-01
-4.270352538874466752e-02
-5.196562153075312551e-02
-6.634057330892810800e-01
8.377684552523581019e-01
-3.306672937542995960e-01
2.040554343336105081e-01
-2.501241305193027120e-01
-6.192065289745392054e-01
2.627597160667123344e-01
2.010254118601519924e-01
-7.693223443960028884e-01
5.484839168119879371e-01
-8.155876953658067752e-01
-1.584097532878310233e-01
-1.787613851301916856e-01
9.972452762259469417e-01
-3.964892959418568896e-01
6.797932671241209146e-01
3.695836927354554380e-01
-7.207868951623410680e-01
-6.259328540075237424e-01
-2.117917043302075530e-01
-7.985687895291280203e-01
-6.751577340158136931e-01
6.487627385478975661e-01
-9.927943585912406554e-01
-7.848119255050511889e-02
-3.042385865029078040e-01
8.412753341101022464e-01
-9.407163453528379904e-01
2.532914887631794176e-01
5.713565781582357062e-01
-9.464961970944176795e-01
7.344370937449491432e-01
-9.149221917420946593e-01
4.445675171671923387e-01
2.868289448917844542e-01
4.340550847167092829e-01
9.272387075336907536e-01
-1.724139173279899406e-01
-5.041184077523883644e-01
7.232622568811468700e-01
-4.140561361189936118e-01
-5.874391098241060760e-03
8.756908542034185228e-01
3.219837833163450291e-01
-2.982180768950319916e-01
7.319043306903050272e-02
-3.256142141472662122e-01
-8.706988552558247996e-01
-3.522866594547007235e-01
-7.872791159591607801e-02
6.317543011343040860e-01
-3.595728595245972770e-01
8.767176137655774415e-01
6.953625457859466952e-01
-8.588090290683603190e-01
4.193511851481794839e-01
9.231870184893122833e-01
-3.414055769462762679e-01
-6.566178509889379900e-01
5.372649090497243485e-01
5.926215055583183844e-01
2.484839570071863957e-01
-1.623254143433847663e-01
-7.400538412213091277e-01
-9.089531424458334730e-01
-4.573506909752589333e-01
-4.614957853703405277e-02
-2.636368504529487122e-01
-6.681444853974318754e-01
6.835710940916126521e-01
-6.886011141899659460e-01
-3.212390473391133483e-01
-6.214447555924396127e-01
6.740977241792922570e-01
6.752471709048344373e-01
-1.624156115556814051e-01
-4.086569047421901857e-01
-5.590347810101936599e-01
2.760774896572677495e-01
-8.214312894344368843e-01
-5.065125453812282519e-01
-6.385987850876595484e-01
2.792438544912192455e-01
-4.619627362767322332e-01
-8.431385362200156663e-01
-1.318785977621816929e-01
-4.109641528667351551e-01
-8.280691384353249251e-01
6.215375897366590685e-01
-2.687384508836416774e-01
-5.570554289874571907e-01
1.719950804274748002e-01
9.369435975837872022e-01
6.565271953013049888e-01
-5.360620517806329310e-01
1.442796919422695279e-01
8.478746934056118345e-01
4.782241448490076596e-01
8.972087007352833599e-01
-6.963568808778217711e-01
-3.821956627369660353e-01
-5.913292101360296815e-01
8.147813252296296493e-01
6.790151684103691299e-01
3.636191387524077001e-01
4.726422630367204114e-01
7.773505922734442741e-01
4.147370252070845531e-01
-2.458088646637592856e-01
-7.705475691058123466e-01
-9.354125112238202977e-01
-1.539514528552325956e-01
2.296605191760021647e-01
5.828754247226111129e-01
-7.280245251008206075e-01
1.727758599288529151e-01
-4.173773489396614966e-01
-7.487844404155614697e-01
6.779217678472642117e-01
-3.931418565656308317e-02
-8.456526941007589393e-01
3.338992658017581050e-01
-4.134091026029107496e-02
-2.989558593503023332e-01
4.112082600707300806e-02
-1.276876756422957726e-01
4.992231234851374211e-03
-2.696806441211763161e-01
-5.916878748430420831e-01
5.895493374019380450e-01
-1.124221421832423129e-01
3.182981694373943071e-02
-3.750600354291933058e-02
-3.298293880047191706e-01
2.854542331823752832e-01
5.610278887304469553e-01
4.460414990472871821e-01
-3.719327666821914402e-01
3.846051926351725658e-01
4.061589243513261671e-01
5.957991326415723599e-02
8.272696431037516174e-01
-8.856805205997000385e-01
3.777659628864027397e-01
3.477166945902980810e-01
2.571333977923970782e-01
9.157509285669980237e-01
-1.325955701755348048e-01
2.616712680964992099e-01
-8.857747656937995373e-01
8.347218476092008732e-01
-1.701348867910246199e-02
-2.303252871154635173e-01
4.327158103667210209e-01
5.477007228872428080e-01
6.225132826188755075e-01
-9.391742487006029538e-01
3.269366786685701243e-01
7.062116929772352947e-01
5.791678617859561395e-01
2.839749007378624679e-01
6.107551518785814260e-02
6.484205001084919484e-01
-9.614770610559557618e-01
-4.580401674696210623e-01
-3.564000250347907350e-01
-1.704965470114727655e-01
4.094678283699615395e-01
9.187471788746710555e-01
-7.304829447460838843e-01
-3.159888341249175170e-01
-7.714268199495744049e-02
-7.828338896771023236e-01
6.280535346875604219e-01
5.961552819459503549e-01
3.088038263491466040e-01
8.150513729822783660e-01
-3.033582383671853400e-01
4.672961681321192717e-01
-8.713705923994408131e-02
3.542716256511788675e-01
-4.552963370108551455e-01
-8.539477875683203489e-01
-5.198723755153178416e-02
-7.810307444886974704e-01
-6.130515814867452118e-01
-8.333033813509858057e-01
4.417153489557092971e-01
6.784935853626117286e-01
-3.372779400296768149e-01
7.805033081656900240e-01
7.022267057003805935e-01
-2.042889410778203629e-01
-6.173364547820003878e-01
3.836988133027752212e-02
-4.124788031545318923e-01
8.842111189543970795e-01
2.250454127166046092e-02
3.358496048317258786e-01
5.559874472677883706e-01
-2.880494510822380061e-01
-7.544339392247094711e-01
8.155739285417951123e-02
-3.643286612698548588e-02
-6.352514447996813196e-01
-1.024804666726788493e-01
7.135656131714072092e-01
3.589006607714653185e-01
6.533643819105898753e-01
-7.672417976617458280e-01
1.501795174138060851e-01
-9.143400090641955469e-01
4.918292330054638839e-01
-1.541523391409760357e-01
5.015330671597890699e-01
-3.273573076572104945e-01
-6.956866034727819947e-01
1.354333865744308252e-01
2.818287502372072151e-01
4.788645996851781383e-01
-3.090974845774174806e-01
-3.973506674623499269e-01
9.134107497978520840e-01
2.429419364598346398e-01
-7.120088732645655227e-01
7.633798187740103991e-02
-3.354165443850491979e-01
-7.749409754374458892e-02
-2.314910055357839447e-01
-3.590182813032027909e-03
-2.905260472927861937e-01
-5.561543245636890731e-02
-6.210508458144470278e-01
9.528180010865860972e-01
3.648719668906126312e-01
-1.735718374021120169e-01
2.619916986975430184e-01
9.597625694354894321e-02
-6.038285183613965046e-01
1.344217205412725491e-01
1.602834631181435654e-01
4.764012369469645680e-01
-2.640122056288407570e-02
7.812284526290560471e-01
-1.514222634365340880e-01
-3.410518970919618198e-02
6.343846071876075854e-01
3.638436809058298582e-01
-4.524968525913199979e-01
-4.207900691370787261e-01
3.564378182518015414e-01
7.391137234484057572e-01
-6.262549611267220762e-02
4.587572102348591585e-01
9.391236815783954306e-01
2.807037279663731066e-01
-2.886737019323533104e-01
-5.395090546135252740e-01
6.499577071757836055e-01
-2.380716420847219794e-01
8.279868914885775144e-01
5.850047219653187192e-02
2.706234673130420987e-01
4.556606033141730183e-01
-1.369351629964412620e-01
7.197141994640661178e-01
5.658814095063899874e-01
-3.310818344400008328e-01
-3.057127631517408961e-01
7.528125576674782327e-01
-4.471444012783964972e-01
-4.405168773724250642e-01
-5.290649842218786425e-01
5.672888914933897908e-01
7.921321473007911784e-01
6.648453855934441936e-01
2.568272321823510396e-01
