8.159685980413613482e-01
-2.384909647978057379e-01
-9.303426658795221904e-01
3.594857327663611990e-01
4.475599889533012909e-01
-7.194209499145594044e-01
4.453215523782985130e-01
-7.189515014751739486e-01
6.558407574030913345e-01
-3.470663396461552974e-01
-1.735182150238221421e-01
-7.428962718532314824e-01
7.686948220923861541e-03
-5.718029475264150285e-01
4.987565813444572171e-01
-2.129048779568880612e-01
5.944851074627419685e-01
1.662763159174536209e-01
-8.187175557589161379e-01
4.335376047887029571e-03
-4.330625914209520477e-01
-9.628008650966703996e-01
-5.987980143553404133e-01
-9.395759253619484497e-01
2.479936883036062412e-01
7.749121240487162332e-01
-4.201220006518195937e-01
7.213118460163736589e-01
-9.955707520345740136e-01
-2.366833564870447493e-01
-4.627327940721315258e-02
6.138783632781408262e-01
1.383625440975029264e-01
-1.907437508654394875e-01
3.761829834526435601e-01
-6.806402311558445994e-02
-7.204548759021591753e-01
2.083584862031944152e-01
-4.298151061220436553e-01
5.690877578093387346e-01
-2.722887906536566316e-01
-5.147700319192336504e-01
-6.099571369001555166e-01
2.648246754206891040e-01
-9.144397153069940831e-01
6.945099981240521192e-01
6.693914679631742803e-01
-5.773278644591961495e-01
-2.477694839576938257e-02
-8.125663069049184895e-01
9.275996355530677917e-01
1.350393198697052988e-01
-3.312371823418576167e-01
-3.644599001363140189e-01
-5.481295515890813874e-01
-5.694777146864948847e-03
2.941942968322521779e-01
4.923656836843037787e-01
-9.878682471681041743e-01
9.505082211743123288e-01
-2.345280686032495954e-01
-8.712761074674610917e-01
-4.599668775262506504e-01
-7.664287836280527788e-01
5.997970934960132894e-01
-3.637487608014842166e-01
-3.277959442306075388e-01
-5.228751580089365802e-01
2.069487724192968781e-01
8.119630778942812377e-01
-3.797128807304250842e-02
-3.099166812137219562e-01
2.341671178807114284e-01
8.702813601029206758e-01
4.570252714838973773e-01
-2.971429354629697706e-01
8.628685978364865061e-01
6.841857312269867819e-01
-1.827186333376835670e-01
-6.298687134839753288e-01
-5.677481874806589168e-01
6.859019074092660428e-01
9.811161906654357612e-01
-8.963022512721829926e-01
-5.517881273541447307e-02
3.148978859377959960e-01
7.013293159542468569e-01
5.102386202261097736e-01
-5.030135851322667939e-01
-3.171668721816665037e-01
7.204721214132008278e-01
-9.946702315370212766e-01
9.102115145892182291e-01
4.136951197418778925e-01
-2.036572009058366106e-01
1.822499768441947499e-01
4.477577550775053705e-01
-7.104648748152340154e-01
6.593386132354308593e-01
-7.405290958112984434e-01
6.549105603462122005e-01
3.084028746971676505e-01
3.912103848548267315e-01
3.509680846217126948e-01
-3.944989990455656237e-01
5.601181647839565958e-01
-2.507969134433245539e-01
9.819013101306195423e-02
6.878073581127397418e-01
-1.188739040727468943e-01
1.166751991623986573e-01
9.218598097637562550e-01
2.352493399790476225e-01
3.776770537194491517e-01
-7.428585216461387475e-01
-6.822520107427094693e-01
5.923263345821949688e-01
-5.193729356431644462e-01
-2.566911154505082671e-01
3.707224678056515454e-01
-8.401108688986682616e-01
4.962250093386579852e-01
2.047334208318609683e-01
-3.011079111392662711e-01
4.646883746812102700e-03
-7.778020137547809743e-01
-5.785214670254719138e-01
7.851975573060703262e-01
-1.310762168818606632e-01
7.400733990749852609e-02
6.876697219611962453e-01
-2.690876742533996335e-01
5.439360061389648671e-01
-6.256304459639627780e-02
-7.229316911721253014e-01
-5.760363802120516130e-01
-8.240068710766439430e-01
6.824176241195099024e-01
-1.309277355621707439e-01
3.594666154756394061e-01
2.184520398285922926e-01
-2.539216070137595427e-01
2.666362206187353756e-01
-6.814131298122720892e-01
-7.384859886526617956e-01
-2.391334256908179690e-01
-5.536434781941212968e-02
-8.959494678128081535e-01
5.882853429253387390e-01
-3.233304192036978719e-02
-7.139840974681825880e-01
7.313324259114726278e-01
-1.679182240675383131e-01
-2.679536217015623389e-01
-7.942814189446529838e-01
-8.603227161397231093e-01
-8.090509061649364675e-01
4.142886850215206085e-01
-2.240432899723576732e-01
6.348390079122760987e-01
2.017606878675790583e-01
4.182792879549657172e-02
1.361214692715368990e-01
4.118236820475082993e-01
8.735429181460463433e-02
2.149744559721948889e-01
-5.104291808080219095e-01
2.222579865739304772e-02
-9.914407683319614861e-01
4.340403953425013839e-01
5.019887091731560780e-01
-5.341559670239113267e-01
-7.290791501100413186e-02
-6.423638991808271470e-01
9.711002519427143209e-01
1.351218439321213438e-01
4.002282338484062230e-01
-4.414083746264962915e-01
6.271870458317174712e-01
-5.763018310908571973e-01
-4.899172986601676438e-01
-9.499948682325605187e-01
8.286337255551925463e-01
4.832648220166262387e-01
-1.585933254834208661e-01
1.171034632943954712e-01
9.290276087628364099e-01
9.218560763306211658e-01
-1.810688723468900641e-02
3.621317679976747694e-01
-1.583180428081818469e-01
1.427948912566674444e-01
5.092375460183600211e-01
4.918055288948948167e-01
4.562814744887608853e-01
4.072822661916759568e-01
-4.060007275448962449e-01
-8.989049709400307453e-01
8.214189892150558503e-01
-4.246325895906060133e-01
-1.461825419862892161e-01
8.792757869820193584e-01
-1.179671166695794859e-01
-7.132322008567706373e-01
-3.740877414264418555e-01
-6.536681240988062580e-01
6.564438465196726913e-01
9.538528720050718501e-01
2.799457851527504815e-01
4.336852096634438158e-01
1.830173012879712235e-01
9.100813951793060852e-01
-7.769201823173064181e-01
-9.561531387423207740e-01
1.230577980876619293e-01
5.987056441418148189e-01
-3.730118339685999374e-01
6.850435498389328970e-02
4.911958101656273001e-01
4.358872895059566765e-01
-8.726978668076554868e-01
-4.583554433291008312e-01
-3.507634805520507548e-01
-4.639983825290954211e-01
2.997012781552426119e-01
-1.840196647342822178e-01
3.110270073601575369e-01
-6.249582865745606508e-01
-3.566225478253646219e-01
-1.444309917644479579e-01
-9.158461476673280810e-01
-1.448813346439687955e-01
9.375678350373550796e-01
9.654607062542996943e-01
-3.162349073950172507e-01
1.546015829051401447e-01
-9.965946628337363222e-01
-4.916605957326920517e-01
2.989343133640314232e-01
-2.744368530789071947e-01
7.509313995027522282e-01
1.409846018995397632e-01
-3.477054599092088694e-02
-5.731903192921561363e-02
7.490422666535299090e-01
8.299813949216756637e-01
-5.204953005664942900e-01
-5.397861495843436774e-01
8.839090051097344691e-01
2.107224697145650971e-01
-6.085120672437487332e-01
-2.499135774047938074e-01
3.766520384209504080e-01
-4.487520845695902594e-02
-3.576372629684532178e-02
-2.846611202855098277e-01
5.297366402079972669e-01
7.153033437840146114e-01
-6.733351875837993994e-01
2.432565074793244797e-01
2.721433749102430966e-01
-2.778782675526743073e-01
-2.221663853055624305e-01
-2.027667381069431229e-02
3.493387749456333680e-02
8.037490055105582787e-01
-3.647124150212932570e-02
8.444904208584265159e-01
7.228170356603895730e-01
-1.161659768452840691e-01
-4.555777288164672978e-01
6.156363961631621251e-01
8.626095357442753464e-01
9.858371300888140176e-01
8.653515718445561333e-01
-4.300926654409222838e-01
-7.873196108756412848e-01
-1.508919479804347041e-01
9.094021796191618101e-01
-5.097247416009031973e-01
6.865073149665523733e-01
-7.969210807290334486e-01
6.905929203019485207e-01
2.399771882567862669e-01
-6.578218883423734287e-01
-8.998303950397850137e-01
8.024476983635204785e-01
-2.255217080547027297e-01
-9.125648036543538844e-01
5.011214495817513104e-01
9.623054640392771919e-01
-7.602698922974879814e-01
1.477817836033781251e-01
2.168230520613600998e-01
2.866248991461368689e-01
1.522759612452202482e-01
6.220696570462413977e-01
6.962685981355110076e-01
1.611031454469569191e-01
-7.234302141542110487e-01
