-1.282599209038228771e-01
-4.325984176179384910e-01
-6.458627692088951822e-01
-1.587447959668379927e-01
9.561311975893540538e-01
-8.172266055665584616e-01
5.901809444595704779e-01
8.831884812165402554e-01
2.938243080341538249e-01
7.411007864370349196e-01
-4.011829802729853789e-01
-3.554218417574017685e-02
-9.548084026897443177e-01
4.044707277403754020e-01
-8.726120322776664828e-01
9.604531126966020516e-02
-6.661680285803897039e-01
-7.410137446088616020e-01
7.972059245572462594e-01
5.384059724097725042e-01
8.219415534580407634e-01
2.427476884679877767e-01
-5.938725176606884926e-01
-9.945667578168202461e-01
-2.308037837870080544e-02
-9.679579600070620238e-02
-5.674721035741938646e-01
-9.635411934383097954e-01
-9.548229888824741884e-01
8.033471851446838397e-01
-7.473518861013395131e-01
-8.231311203859803527e-02
-3.872907361929800452e-02
7.515983598746740491e-01
5.571398976858348284e-01
7.860408835322802990e-01
7.898917177516495691e-01
5.341190107894095984e-01
8.995306292545468541e-01
-6.472368270982000737e-01
5.090470765725660929e-01
3.892090251657642774e-01
-3.495289735154876176e-01
5.907782703250352707e-01
-3.235600439803412165e-01
-4.792021804204831259e-01
-5.811472674274451578e-01
-3.026811293229569877e-01
-2.653607718040329466e-02
8.591327783461637502e-01
7.953103945231114746e-01
-3.042650514274840567e-01
-3.056732300600728536e-02
1.070248130179256574e-01
-6.670094048533250497e-01
1.533019092392151617e-01
9.616939761280780541e-01
2.200495020905468557e-01
-3.877113796765760956e-01
7.987082087723473833e-01
-5.768254272341306610e-01
-3.752843801666159163e-01
2.064982512454545116e-01
-8.322494349538733793e-01
7.368257418304902107e-01
3.749311128761323442e-01
-4.381214327283247112e-01
-4.424906972166260388e-01
8.470022206783418550e-01
-6.315592942862346959e-01
-3.293733791931086063e-01
8.328968233247062702e-01
-9.006201243122913258e-01
-6.936788247074061609e-01
-8.762290650111914658e-02
3.517028776444184324e-01
-3.404683968445809672e-01
1.654588983197919916e-01
2.402533962037791682e-01
-6.323667393845873175e-01
1.614137953040855056e-01
-8.655862622236905057e-01
7.847693845746506192e-01
4.934383652949203558e-01
-3.347201157301069596e-01
1.717040141040442336e-01
6.968484750539927219e-02
-9.326093620235340609e-01
-4.499760682804270218e-01
-8.781097940408340019e-01
-7.091576175870617504e-01
3.680007251482819708e-01
2.697923169902429752e-01
8.088087736167572928e-01
1.538406733199724208e-01
3.352149444333500927e-01
3.108727839221092637e-01
2.712717146472092278e-01
-7.178858684311735239e-01
7.346517536867922527e-01
4.742530421264783413e-01
6.937247167425364403e-01
-9.664126415653222502e-01
-4.842119697897124819e-01
-9.834061725126370668e-01
4.198814666883210478e-01
4.379341804125402859e-02
6.389991189793309267e-02
-3.359479487276788578e-01
3.240099932632145574e-01
-3.565316092872383713e-01
7.478907416790492313e-02
-5.095493803318369430e-01
6.588062488672619121e-01
-9.567904242781002377e-01
-5.788559899376202189e-01
-5.894378329258094240e-01
2.057642459756281461e-02
-6.295476200585219395e-01
7.039820775905811789e-01
2.718642052973971879e-01
2.743425694650469815e-01
9.859306769863320774e-01
9.375273965352541872e-01
-4.763462351231770864e-01
-2.518579321803255944e-01
-8.156579714037868190e-01
7.146227761096546338e-01
-6.377075672006033979e-01
4.136983213318989883e-01
-3.581718515865306429e-01
-5.909101128262925773e-01
-6.540856199639584201e-01
2.061731746292447820e-01
3.616441692719720713e-01
6.571944465296717386e-01
-9.104547487558480867e-01
-9.661947060376585572e-01
8.450340915258058860e-01
3.993834042560566733e-01
-1.231087036457410022e-01
7.584791620543813728e-01
3.407237884496647773e-01
4.830813625435004255e-02
4.545168957148897348e-01
7.805779559940322354e-01
9.297562797052982830e-02
1.507192487822073268e-02
-6.912207145563791233e-01
-3.620615747496938042e-01
2.048254958834241357e-01
-1.424274313313638185e-01
-7.371319757044789700e-01
-6.150558099392284817e-01
-9.096195364029922015e-01
8.944182541906275929e-01
5.565929142898871085e-01
-5.925352011990805412e-01
-9.349849546885540263e-01
8.190215369140521062e-01
5.441771257822252128e-01
7.672267408076007822e-01
1.299662250584998624e-02
9.070914898959525630e-01
-8.938963545468470162e-01
-6.636535672116647966e-01
-8.907785566307007130e-01
-4.366068593146010812e-02
-8.375754838365383481e-01
-7.127598469625431310e-01
3.121928126834865314e-01
7.054821401499056233e-01
-1.482162207626198658e-01
5.749906605987138430e-01
-5.984698635835619118e-01
-8.044647068966885861e-01
-7.247063505422361995e-01
8.333970530659668974e-01
-3.852039490175138692e-01
7.540163877868046871e-01
2.300064464111299944e-01
6.478037631625657156e-01
4.440452481139582908e-01
-6.738879034219655839e-01
-4.371143108967583402e-01
-4.662718398309537715e-01
7.411631676393368728e-01
-9.308341917915732289e-01
-8.771187575834280548e-01
1.582801338190600315e-01
-3.811640985337891863e-01
-1.135260443507144501e-01
-5.366353985999723353e-01
-2.940385678161216987e-02
-2.154450655528448166e-01
-4.638762427008424893e-01
2.252487319615292805e-01
7.672665911567637664e-01
-1.189768158538728748e-02
3.755812757872800667e-01
2.385428170165848627e-01
-8.142279872831219567e-01
5.067872145990406363e-01
1.099731057150208358e-01
-1.381193264280766719e-02
7.571392973442958585e-01
2.399633208777192106e-01
5.205833046369159334e-01
-1.545443869384821589e-02
1.084854241092734206e-01
2.047458584071306653e-01
2.439763941797692404e-01
8.452236859383459588e-01
8.440203166594864026e-01
-8.181457802238789601e-01
7.869137546087119350e-01
8.317109061090171007e-01
-1.354033813445012502e-01
8.839120940883176125e-01
-3.661421698757789667e-01
-5.902910666113589944e-01
2.092694678614948067e-02
9.329768964043412272e-01
6.868076915533594118e-01
4.932820094682017764e-01
-1.441739973717646173e-01
3.787691942417934499e-01
1.169211967186529755e-01
5.248921037908049758e-01
-9.887249351232936245e-01
-6.734278139047589207e-02
-6.605253267714614740e-01
4.203691961506903496e-01
4.579984617330392638e-01
5.772141716467695804e-01
-5.560752526745689206e-01
5.959773609031775443e-01
-1.885981072536808689e-01
-3.223581717255747936e-01
-5.407694685032482518e-02
8.406511713400741659e-01
7.328068799141891354e-01
5.357219667248320771e-01
-6.222273585353856884e-01
-9.647380428328127255e-01
2.482139277182748849e-01
4.332409172129148001e-01
6.661040281745613800e-01
3.255514351299302334e-01
-1.336325363584676129e-01
3.001361753337419280e-01
-1.583781640090176079e-01
9.031524745194883241e-01
2.431568949598972296e-02
9.836264579003095587e-01
-8.411292819480278293e-01
1.699149110857451905e-01
-6.360301798214806901e-02
1.559231249067865033e-01
5.077404471191773183e-01
4.445792514657358474e-01
-7.506654472160771974e-01
-7.268222335728957706e-01
4.813563287044293482e-01
1.916339886739450993e-01
-7.030846745262777642e-01
-1.266818007676657754e-01
8.938021982202726257e-01
8.972836052538084584e-01
-3.177704464985016131e-01
-7.088197912536071676e-01
9.953539489928318051e-01
-2.565920943637234330e-01
-7.227043774547963206e-01
5.332806761295638687e-02
6.122788520497659537e-01
-5.845886044877279808e-01
-5.480104278841271270e-01
1.797317898083838905e-02
-8.043130516404513042e-01
-7.163606022172630539e-01
4.707543021852718113e-01
-8.591940678393217290e-01
7.420023965474860095e-01
-4.620199600393692929e-01
3.453021117183481259e-01
-2.777133894896375299e-01
1.092862549960154084e-01
-3.987203344267036265e-01
3.936687694313310004e-01
6.403030048553435272e-01
-4.667845831936432432e-01
3.937426888813051473e-01
-5.734803692031009703e-01
5.286429701176720286e-02
-2.197949325901527029e-01
-9.863124683564628015e-02
-8.063041948809275272e-01
5.421949388519393676e-01
2.948894409417390783e-02
