7.777041131361943638e-01
-3.313955876651957233e-01
-1.596996083905821706e-02
7.790842435645437547e-01
-8.216904741629527109e-02
-7.066271986847305620e-02
8.174665272731178600e-01
-5.873061123764564684e-01
8.619763093068413262e-01
5.296735156784992959e-02
5.882548943213870007e-01
6.783193122784392237e-01
-1.651297655850507695e-01
-5.799272666891237549e-01
-6.363572363498120055e-01
6.434028937154201433e-01
2.581343919662257846e-01
7.531399274282142287e-01
-5.076029909780621630e-01
1.488510578846149457e-01
8.875236795239074272e-01
4.216411990348900574e-02
-6.033701498753596404e-02
-8.230165419563186813e-01
-6.117290568943234419e-02
-7.065855662124753689e-01
-8.716549524372727564e-01
9.112409340941030056e-01
-8.857965340227584861e-01
-4.616201849790417810e-01
-4.415660674153323306e-01
-4.708011262916336204e-01
8.614571283506298194e-01
4.231654740400558889e-01
5.749447479453988485e-01
-4.696900406160060548e-01
2.426719719332084413e-01
3.767367760174724634e-01
-7.211673254344523887e-01
-2.461427477393782759e-01
9.578636080683187171e-01
3.473269200903457143e-01
1.066750777588187926e-01
4.761589901011522574e-01
-9.756406619734756536e-01
1.019693483736421324e-01
-6.726091628550898704e-01
-6.191723518050977759e-01
9.354946046163890028e-01
3.023676283038851942e-01
-7.370099716257332290e-01
7.713138871733820068e-01
-5.090185364370469756e-02
-6.432921329463492377e-02
-9.015131661789732576e-01
-7.981721439699609455e-01
-4.309648320986838588e-01
-7.808404901896801587e-01
-1.222853291138052967e-01
6.675449311139574071e-01
-2.126235883962397377e-01
-4.273755432836263690e-01
6.595844452936237001e-01
7.208000441461024366e-01
9.866897649248258517e-01
2.780496628170259221e-02
-5.138809561855441910e-01
-6.943150812537803862e-01
8.869341973158098025e-01
1.202201722806626183e-01
4.337746824567574322e-01
5.881440598608533854e-02
-5.931601564101469659e-01
-3.595371098271813448e-01
-4.599558893048496522e-01
4.117649838034134202e-01
-6.092053106049881706e-01
2.181300149229399299e-01
5.412157659746770211e-01
9.193706314912399868e-01
-4.019536942898529475e-01
-8.895245844830323989e-02
1.860042073543497487e-01
6.061211810900604124e-01
-2.904301679872192121e-01
1.567468120964194966e-01
4.080147874001169850e-01
-2.206609292974446301e-01
8.201028567327621754e-01
-5.345609213099855594e-01
-6.180956418657492790e-01
4.359368351667556318e-01
-1.280179706212627444e-01
6.176312127250773720e-01
1.253351158791911057e-01
4.930788310547988829e-01
-8.265265857580583742e-03
1.803515269861557524e-01
5.942720693708323232e-01
-6.571085316534783782e-01
3.295800076214305818e-02
-9.454407859433973105e-01
4.412677999276737317e-02
-1.435845863859899207e-01
5.767500570053012421e-01
8.122582930961730341e-01
2.023074785785783369e-02
-7.833471484215239755e-01
9.735310073724621205e-01
-8.043480558279809678e-01
6.484681845143414058e-01
-2.524376702763693192e-01
-7.551469169513793656e-01
-7.932462706116540918e-01
-8.724143777404551603e-01
2.040229955741619250e-01
-9.360405381886871545e-01
-9.262408319121782085e-01
7.444391056604904300e-01
1.510467361552334520e-01
-9.441815248747167377e-01
-5.634087374268021975e-01
-9.401602881095862951e-01
-2.217004520477976470e-01
-3.849120986718030935e-01
-5.811735818550276544e-01
-3.874296053255334993e-01
-7.186866420577622261e-01
-1.563603209526955862e-01
-3.373075903423945476e-01
3.235867799648808329e-01
1.346432872691349925e-01
1.582486962579252587e-01
-4.175566297954325101e-01
8.278010200159282572e-01
-6.977135128950284759e-02
2.889611235509903509e-01
7.087518875871559043e-01
-3.610590924437742100e-01
-3.339905509623499746e-01
6.498136690630462731e-01
-3.022101999784889692e-01
-1.522677155942897542e-02
3.060339773938096641e-01
-3.304506791556289791e-01
5.965744024062822337e-01
9.946883453265891184e-01
-7.384243756035850925e-01
8.338889538452254335e-02
2.585329125089621538e-01
-9.831919863792801806e-01
7.811798249985366649e-01
-4.922399320942965062e-01
-5.119459358207840705e-01
-6.978860265982296252e-01
6.588513697179363415e-01
9.945480846901273431e-01
5.089722934428499990e-01
-3.750693401919502623e-01
4.877790464098981094e-01
2.309962674577283881e-01
2.972939191628347633e-01
8.822872840714568454e-02
8.739588971236189607e-02
-5.821842574026334649e-01
1.408942949025990821e-01
-5.843313060924679725e-01
6.430202355250282942e-01
1.170340438532651017e-01
8.311893905158591611e-01
-9.429668191890763218e-01
-8.690615926736098285e-01
-7.588632831846395810e-01
4.849275791499332300e-01
3.228778083231809148e-01
-9.967059538058955503e-01
1.975741582093473170e-01
3.281622329863507215e-01
5.188152897544866526e-01
4.199790310214450706e-01
4.100473327779476929e-01
-4.051830876300055451e-01
-1.120707949503632062e-01
-7.063577473961029085e-01
8.346667159577407791e-01
-7.040267436104508114e-01
-2.977293321325851227e-01
-7.054578242742977068e-01
-2.711564668468531281e-01
4.704300517342367982e-01
5.155975334111553288e-01
3.042243434945508529e-01
-5.915419759992932569e-01
-5.516666986912770465e-01
-2.146774197980967358e-01
8.486702182359222579e-01
7.792017516960336732e-01
-4.334778011470648007e-01
3.955720952711359040e-01
-5.311232811557009548e-01
6.277300933550833406e-02
6.159247226443698153e-01
3.504473652651998172e-01
4.264465220173145887e-01
-4.903593615555192908e-01
9.991951469759980942e-01
8.079841140829928658e-01
8.103340115049271208e-01
-4.028751108931916125e-01
-1.212114408836282298e-01
3.350861655930934546e-01
-3.296132680993413278e-01
8.511632319368167554e-01
4.549414341522428629e-02
-2.269513339974802424e-01
3.937553838263228023e-01
3.975194739442460268e-01
3.057723666184273270e-01
-6.819135300108936093e-02
-8.399501223574148412e-01
-5.162707787846627649e-01
-8.802516856763893394e-01
-5.443582459176101729e-01
-3.064699905999770380e-01
-6.612789846157673956e-01
9.109873557814309741e-01
8.299202669750684880e-01
-9.586795364924904916e-02
-1.463866630619752307e-01
-4.495638884337085361e-01
-9.001138034548323841e-01
-2.778180355476473906e-01
-8.142033315399077598e-01
1.677697153212338588e-01
9.086436700852646986e-01
4.348781938098724709e-01
8.539642018334741014e-01
9.557192380017509592e-03
1.343969794679360508e-01
2.985390988606517748e-01
-5.825632125226778424e-01
8.714247562009460601e-01
2.955334779152714031e-01
-8.262479328433556258e-01
-1.591587388085886623e-01
-9.307239923292969230e-01
3.731982691214161818e-01
-1.053001644090487687e-01
-8.407392979382677378e-01
7.826904939023042740e-01
-8.342835376534107894e-02
-3.546698155832195276e-01
9.040560725170647682e-01
2.995739144708875479e-01
-3.405247433049711780e-01
6.169584863328390067e-01
-7.196275039659529860e-01
-2.770155287576070435e-01
-1.134790457237975225e-01
-2.210398284506776001e-01
-9.580049849121237138e-01
8.145727374930946674e-01
-2.838277016386832052e-01
-7.312099489010985831e-01
-6.650788492867754087e-02
8.100955591767189379e-01
2.805491735222549465e-01
1.825211384234595169e-01
2.285154647823990359e-01
6.635850577633399805e-01
2.685490642836494413e-01
-2.410544108599963486e-01
9.691603260719019453e-01
5.438183845645236936e-01
-4.198485406374243833e-01
2.974142983743313096e-01
-4.719818812369753758e-01
-5.288723816676825784e-01
-8.244688802539972272e-01
-2.267877644745417420e-01
-8.668007931022594370e-01
7.246441811981165770e-01
3.001429676585776196e-01
3.196709748595023548e-01
5.996302799703003839e-01
-3.652009016686676990e-01
-1.032655149890882029e-02
-1.659689874802852128e-01
4.385946108037055424e-01
-1.340407631585780468e-01
-6.599480330488782798e-01
-4.482931077070053671e-01
-7.355504974840423316e-01
-8.663996351038942834e-01
-7.228950676226064687e-02
2.884058737078991630e-01
6.106395026190583053e-01
6.193685989577784046e-01
2.056238624331727660e-01
8.089492424523048175e-01
