-6.018126844702564870e-01
9.615748558344088259e-01
7.377786284835059494e-01
1.223705721977008665e-02
6.934215927597220386e-01
-4.392477253020095063e-01
1.241424657788954278e-01
-3.274798401363971934e-01
-5.900724314292797867e-01
-9.622003969421888403e-01
5.656992009735255511e-01
8.318112363467273784e-01
7.065309288084389294e-01
6.208680350383344315e-01
-1.624707399776927907e-01
9.648072229421225110e-01
-3.518277363711379557e-01
-2.552775736878110102e-02
4.881912326197299645e-01
-8.651763445709428346e-01
-9.468184457699502232e-01
-4.730952720370111830e-01
-3.457141144499473739e-01
-2.675896541318498745e-01
-2.282831667856346503e-01
6.566967680889908010e-01
-7.438699627796390157e-01
5.012144973187975250e-01
7.571208760842929042e-01
3.108649134830194782e-01
9.124141312710205565e-01
8.515112016840402642e-01
9.976453940884013605e-01
-7.557243591092632773e-01
7.502998274551242464e-01
-8.917108555405222070e-01
7.150517764632451367e-01
-1.927238874285464032e-01
9.285538184705193210e-01
-8.495321681030754135e-02
9.106214549841851191e-01
3.760327421289171301e-01
-1.338843474799751299e-01
-8.550131373339442398e-01
-4.131510691939042079e-01
6.743622073620618718e-01
2.444020006241540699e-01
-7.879702019729406537e-01
-3.891685217341067649e-02
3.014795187790899611e-01
-7.186168228185931817e-01
-8.213748512152452275e-01
2.229755215824407166e-01
5.946281715656185352e-01
-4.864191559628181505e-01
8.478233495227525118e-01
4.760370742026649449e-01
-9.703923222334986942e-01
-6.095703393761240374e-01
5.351216731111640978e-01
4.626898110655259799e-01
5.505627951812925858e-01
-2.033860350294529606e-01
-8.307234680906605551e-01
2.983482529477519130e-01
-2.334273367799521992e-01
4.679799356859537518e-02
3.726405315293159770e-01
-5.699297315410216669e-01
-9.295379758969466444e-01
1.741869038387091617e-01
2.377901957921984000e-01
1.898617677867135978e-01
-3.905231650913403296e-01
-1.891539965315194305e-01
-9.353330114518065841e-01
-5.434624648179031681e-02
-4.078842833579201521e-01
-7.156817817934519876e-01
1.283757259231037562e-01
-1.594712957159196698e-01
4.789571552169515911e-01
-1.509971685690800758e-01
-3.429330242206574120e-02
3.756850826304580782e-01
-7.760443863802912734e-01
2.884604902542364790e-02
-8.669982555252808698e-01
4.123606994351221022e-01
-3.433015862927608630e-01
8.010460353981301296e-01
8.577784926899485463e-01
7.581576283174455977e-01
1.899882926401219585e-02
8.181370060405550593e-01
5.589452916856900710e-01
5.493196043837309528e-01
-6.463166916221774194e-02
3.120968751462647184e-01
-9.635339451187576731e-01
-8.535834339166670226e-01
4.141910459365962804e-01
-8.259311391168877581e-01
-7.147198554897071787e-02
9.820126714124217671e-01
3.411127483005553795e-01
2.542084707152758583e-02
4.865839426479325880e-01
-8.291339668935719942e-01
3.441977829357794061e-01
9.340869612314059989e-01
2.408030094280138034e-01
6.243837534719134386e-01
5.704130115099379505e-01
9.471581803319288895e-01
8.453319712687570320e-01
-9.416227298851542749e-01
-6.092530346901769978e-01
-4.535476462140484166e-01
-1.820656785878076445e-01
9.788432967436835330e-01
-8.005222145324244476e-01
3.970325194697281734e-01
8.050217959107053289e-02
-7.509810959035434497e-01
-6.652065604978281144e-01
1.562893247408903008e-01
-5.253094301137828381e-01
-1.893062865845143161e-01
-3.696562530225055987e-01
-3.467930489892228074e-01
9.879788808065081973e-01
7.678171169905363413e-01
-3.579418763738801967e-01
8.871317927925304048e-02
6.016395632342759203e-01
6.862595506007327373e-01
-8.002181853330290195e-01
-7.756876467326345725e-02
-9.253358496429453517e-02
-2.097753635755430501e-01
7.449066368900303381e-01
-8.434883115325939595e-01
5.943527394415875076e-01
-7.982942082593782462e-01
-5.688087142763156301e-01
-2.163883772285957185e-02
5.045405283560671084e-01
-5.443951117904290982e-01
-7.134763861862514212e-02
-6.353245679437480309e-01
-1.779363689999318154e-01
4.184802402976761648e-02
3.313130936717747499e-01
8.099360155298842567e-01
5.059835679394439900e-01
-2.078493362974751513e-01
1.164946221794882497e-02
7.582004248619482745e-01
3.441341045739247928e-01
-5.357236245389300766e-01
-1.666573480232240723e-01
1.183580412151592487e-01
-7.286582977416387052e-01
-4.351536544720668864e-01
6.480233537237107821e-01
7.517537154282800671e-01
-1.132262306346556446e-01
-4.979191709452870374e-01
-2.097833896251444230e-01
2.236846133893934940e-01
-3.947001469681203911e-01
3.931377727182367998e-01
-4.778162466566844291e-01
9.522551300458259593e-01
7.136518826125568538e-01
5.914161254502250387e-01
3.166620108728701588e-02
-6.760887138063564894e-01
-1.435203141682468431e-01
-3.753326424024299168e-01
-6.406879992676304258e-01
-6.473331331775835640e-01
-8.087732179945072986e-02
1.597650361738287561e-01
7.856060192377247731e-01
6.746251759043313534e-01
2.652706212415267828e-02
-8.258397878591547947e-01
5.280050612863627091e-01
7.387597276742041696e-01
1.960509889130463979e-01
1.444011855851246029e-01
-6.156871432134367605e-01
-7.490779337437096785e-01
-9.591465653637414324e-01
-5.396992008731693602e-02
-1.457882910332353177e-01
2.167843668322595452e-01
-8.923644492970657094e-01
-8.290892328200036854e-01
-6.418167770775493608e-01
-6.964770807350257886e-01
8.026508156917115944e-01
9.893541215997476712e-01
-5.962253126038332685e-01
-8.572384333904197184e-01
-6.671211603476183694e-01
-8.966742529439006848e-01
8.879819861187665531e-01
-4.916346173938641595e-01
-4.743935645426389236e-01
-7.955188965892108222e-01
4.125417922776493107e-01
8.338710644601670108e-01
7.014370048179314754e-01
-8.580815386082287777e-01
8.495653498910678003e-01
-4.948200199951839906e-01
-5.729030794823253281e-02
8.340711227083945634e-01
-8.680080040813640263e-01
-4.937844118422982653e-01
8.859512663497604024e-01
-2.323786855991378797e-01
7.944108648285688190e-01
9.912889727628286796e-01
-2.059625483849458760e-01
-7.779693423559232990e-01
-8.986932564887022412e-01
-9.213325134561682894e-01
-8.474777857771285117e-01
-4.981732195843784350e-01
1.961790829232097355e-01
-5.760737584107333831e-03
-1.067410743913457249e-01
-2.174752388008989179e-01
-7.626968627119754540e-01
-8.520276994870117360e-01
-2.921710562719577187e-01
-1.767060315450716956e-01
5.869704533847879269e-01
6.420550754873486365e-01
7.226083934347780069e-01
-7.083170531158589078e-02
2.332376088963603600e-01
-3.656337013716191020e-01
-9.616786937905914545e-01
7.483477821809065844e-01
-6.672124345656427202e-02
-6.212374123427746309e-01
1.358537265269255112e-01
9.940071475890130959e-01
4.699900514795534168e-01
3.511440650468957703e-01
9.642953017522926107e-01
-4.170274880766731140e-01
4.860143637876350731e-01
6.025225016234143638e-01
2.094201027519726477e-01
9.454728499886657644e-01
-1.914955610771422734e-01
-4.910663518071090028e-01
5.645955166556106963e-01
6.432084734959482297e-01
-2.432022518039178571e-01
5.591573285598114840e-01
7.247617147929645842e-01
-6.333274701783981886e-01
-1.699941763403995942e-01
-7.669583799242158939e-01
1.024921838596837276e-02
-3.192363477118216331e-01
5.746395871018736834e-01
3.211264249634901979e-01
-9.927692755608359398e-01
2.025470003860774248e-02
-7.436732775217569369e-02
-9.364513059886543367e-01
-1.033889750467602564e-01
-5.542843585827821329e-01
6.714580989259331112e-01
4.272784749199631804e-02
7.153864262193092571e-01
1.024628703807399788e-01
-3.788541102110549730e-01
-7.917093511753894308e-01
5.399498244448386330e-01
8.729161350857279622e-01
5.534349313807582771e-01
6.467125012931684847e-01
8.563770063194537929e-01
5.307145573568781138e-01
6.208228753938094258e-02
3.785023722575084903e-01
-6.173198594288402674e-01
-5.534142794018999112e-01
-8.716445956396401407e-01
7.021362502325478872e-02
-6.192100237696167575e-01
