5.619140515931924096e-01
-1.174241257628032553e-01
-1.510533488240803912e-01
-6.119716043581111542e-01
2.646781418725947521e-01
-1.214155347604819468e-01
9.674467251391116740e-02
-6.945049549763022689e-01
-2.312523143570335282e-01
-7.542572287589557334e-01
-8.206108581799445023e-01
-8.539831714540562224e-01
-4.506683699879368010e-01
-2.117710123740055295e-01
4.002428989072475130e-01
-6.221717652924498854e-01
5.713089986729928960e-01
-3.254422020375735691e-01
-5.159791275178997605e-01
5.319398008930384947e-01
1.092646831629753290e-01
-8.946624824723297120e-01
6.652254720218413464e-01
-9.934424285742786687e-01
-2.234165077427208157e-01
-4.538063186831695628e-01
5.264221976714658080e-01
8.206405378185059885e-01
-4.475815823389344139e-01
4.830219642224022891e-01
-4.054982648295988312e-01
-2.803132395725420611e-01
6.450274179308683742e-01
-2.300852466597462787e-01
-1.662387076942752895e-01
-2.030637630866394261e-01
2.031219121612426459e-01
-9.089678625661581357e-01
5.958180626841265148e-01
2.104273258956566028e-01
-5.520716806611924987e-01
6.591605148209891407e-01
-6.724481764771625958e-01
6.453278652472627108e-02
-3.969090841368967393e-01
3.486164988767896933e-01
-7.055861628641306726e-01
-3.643745051453390893e-01
-5.353867254965540834e-01
-9.406931312445683258e-01
7.530819281925920095e-01
9.857326259664178636e-01
-2.192600454941888710e-01
-5.667385068051031816e-01
1.704731711506568548e-01
8.674555753121113710e-01
-6.007822510532825344e-01
-7.426912762976534133e-01
-1.910393459744916811e-01
4.357780937425359546e-02
4.491868971250128073e-01
1.948082789695844141e-01
6.256459990554832373e-01
-3.983221263522951361e-02
-5.952119246083593662e-01
9.965246726677481348e-01
-2.593178408342546870e-01
-9.610836159948192847e-01
-6.330274728207843093e-01
-6.987771556603545875e-01
-3.254965097958728570e-01
4.532956937893624083e-01
-3.599828355360383814e-01
7.513692307921735480e-01
4.112754302573309317e-01
-4.536183160377462720e-01
5.401977703459299729e-01
-1.155456756104928928e-01
4.554622674846386943e-01
5.956493039647341448e-01
2.021254960689160551e-01
-6.941333289077356028e-02
8.128297745659951445e-02
6.775543477214458488e-01
-1.189938495159204024e-01
-4.435861677707917394e-01
4.141356017123374311e-01
-1.058953275873646405e-01
7.777827926344460518e-01
-2.208108714659933192e-01
7.363791559245413954e-01
6.689750138933825419e-01
-5.024587343978996756e-01
1.980385738119272432e-01
-7.814742501280114162e-02
-6.496416851626398703e-01
1.089992932574321838e-01
8.802974376968741854e-01
6.856661447675111987e-01
-1.646930061250673205e-01
-2.970467929620574932e-01
-5.120432304741553420e-01
9.487757344200886678e-02
-2.847645618828960057e-01
9.034586191463669369e-01
-9.778126102394679720e-02
3.958878068171731712e-01
-5.452467085552212822e-01
9.587970945639709974e-01
5.489476110196576109e-01
5.408540151253888872e-01
4.043629283721745793e-01
-6.116310511804958772e-01
-3.191005136156290778e-01
-3.123347615491367524e-01
-8.278329751699131656e-02
6.037089917540678918e-01
-2.264828552454947186e-01
-8.981751728079536701e-01
3.235492194149582890e-01
-8.312887386634899567e-01
6.718507753114297820e-01
-2.291255204429787362e-02
-5.151644452041559408e-01
-5.521069671844263116e-01
2.470115405658672714e-01
-2.706837656081606536e-01
-9.979257037623652238e-01
-6.235303486920211746e-01
-9.505321993479205478e-01
4.768986917459958619e-01
-7.443270042578602474e-01
6.743866522008767905e-01
3.718307609539552860e-01
6.809232162297320645e-01
6.882375391140720389e-01
9.516740574064410652e-01
3.145531697062822207e-01
-9.091942430176360723e-01
-6.202904790153991321e-01
-9.014497206142135788e-01
-5.817122895988171560e-01
-2.451980003971465649e-01
8.296860447803380278e-01
3.287569896271378411e-01
-1.354012002218778488e-01
5.286828270134591445e-01
8.488330128973129440e-01
8.046753571227571733e-01
9.963137636145285025e-01
6.580717609608237595e-01
-2.836977669107487721e-01
5.258051460017492129e-01
-7.909002753861575918e-01
-6.894820358062510035e-01
-7.470733737000472274e-01
4.887504507485651573e-03
-6.056346897940176888e-01
7.495266216962164219e-01
2.834248335811482278e-01
1.585356148555547851e-01
3.507390499837927944e-01
6.902071157091538289e-01
2.931957461113827712e-01
4.750337982136392245e-01
1.890320663310698368e-01
2.128897824560354035e-01
2.073393032436023908e-01
5.470486564874472712e-01
9.072119446867421555e-01
-6.343046985424489748e-01
-3.451784697645456923e-01
9.584476233756638042e-01
5.721194861218372729e-01
-2.109626294504944877e-01
3.302787040989902945e-01
-3.021103813911896196e-02
-1.952682242439083282e-01
-7.921317363270983236e-01
4.945795366073326704e-01
-8.413235646172496640e-01
4.746431120685423721e-01
-6.102658084273482331e-01
7.171935528782600322e-01
3.882177745964514592e-01
-9.068117313015184866e-01
3.451700020038319661e-01
1.096565020888728981e-01
7.323971119724688172e-01
8.170873548681427678e-01
-1.367053068424772810e-02
8.652601224253320122e-01
2.981986822273345883e-01
-7.160791755899560407e-01
9.061436025908864433e-01
1.523128291713964355e-01
-1.754873331400774727e-01
9.829374550557257173e-02
4.289895728665154007e-01
-8.752032777986795686e-01
-4.326640069027660740e-01
2.266867650713904059e-01
-6.564014021535042875e-01
2.375683900861045306e-01
-2.240548613787423093e-01
7.135261655721891749e-02
-1.332152644088198112e-01
-8.790422885442923384e-01
-8.660991032824143510e-01
3.704363460463739877e-01
-1.834104398547120596e-02
-2.663089149074466810e-01
6.151662513284374967e-01
2.459450513909520186e-01
6.292653624051678385e-01
2.543630907492764326e-01
-7.283830315871437922e-01
2.881898012588741675e-01
4.511549218862607180e-01
8.923745742321824714e-01
-1.539977798282066157e-01
-1.586816152520231782e-01
1.760891365013019794e-01
-3.419545480447754304e-01
-1.251421584530230113e-01
-3.597196990161071195e-01
-2.716281593943661310e-01
-6.998426034681621832e-01
-3.955883661926058448e-01
5.283104998740215663e-01
4.384839410047465247e-01
-3.818494641546810175e-01
-7.535040807846720146e-01
7.125246107466784995e-01
-2.275849991815956930e-01
8.881942343156798980e-01
-7.813622541457854176e-01
7.032578506441604649e-01
-2.683176385538383890e-01
-3.345223104503836087e-01
-3.623442421046025874e-01
-6.472391780948338891e-01
-4.048866599638656361e-02
-9.260984117306125807e-01
-3.073196102092121684e-01
-9.518897149711811334e-01
3.687245965694245786e-01
-4.103453074469218809e-01
-4.326347498221423393e-01
-2.412165785343935998e-01
9.226227458693136985e-01
-7.985800109768672606e-01
-2.463145574286740302e-01
-6.297920332590778436e-02
-5.404603120080058165e-01
-1.872245312499083436e-01
6.611381647037402054e-01
8.265404985430331308e-01
-1.202526852210319408e-01
-4.126678653585724721e-01
-1.921572692942712379e-01
-7.988301829963841971e-01
-6.350117344951633491e-02
-4.517526539227221249e-01
-3.380248035767532411e-01
1.579852779153940734e-01
-2.964736045400730990e-01
9.929417376963440844e-01
-3.635432741260644640e-01
-6.202652267775952133e-01
2.150374925253697445e-01
-8.511607204832305484e-02
-5.914854845470416400e-01
8.462427469364952604e-01
-3.013121804661418324e-01
-2.506139558351192509e-01
-6.118344653441574188e-01
1.672495410937528959e-01
3.272810676866708679e-01
2.335292956535737208e-01
4.490057968062708404e-01
-1.807263744682181539e-01
1.503631899737813971e-01
9.147586451582423450e-01
7.487776202747966625e-01
1.298584579012025397e-01
9.927421138249281629e-01
-1.925915574505276950e-03
-3.888744822263692225e-01
-9.015568192810892167e-01
-1.898651893964693471e-01
3.063009306123769537e-01
-6.555863154618750688e-01
2.370658590462904058e-02
7.699768854306729970e-01
-9.234197491699798199e-01
-1.121169002567410367e-01
-1.810945036620639215e-01
2.265497113352650249e-01
8.438891106847448143e-01
