5.234562465544645438e-01
1.786070386432387913e-01
-4.928865709457508348e-01
4.210904455418047476e-01
5.776989875970250932e-01
7.568019568972288447e-01
3.680228689220272908e-01
-8.991202475399064920e-01
5.628134682109124931e-01
9.280563219006776610e-01
-6.175401854930486767e-01
-3.634431016863957087e-01
6.361744542708922534e-01
-2.741561868688657810e-02
5.171874010929822241e-02
-9.932977465345227408e-01
-3.896942587390230806e-01
-2.282723241771744682e-01
-8.735542408245988710e-01
-8.203737922419718220e-01
-5.849166034450570262e-01
-6.197153068318819180e-01
-5.960738618994065874e-01
-2.953848700115122572e-01
-4.158465881189321589e-01
-8.520031284342852729e-01
-2.558353389409211420e-01
-3.584754197527375563e-01
-2.171577452676478615e-01
4.932881003823981203e-01
1.863491800331555925e-01
-3.720070404748174742e-01
-4.776909181759740886e-01
-2.426304813770199242e-01
4.989186081277552365e-01
-1.568354976544570345e-01
-1.122086566047086897e-01
5.659723189619456640e-01
4.811150331374591804e-01
-1.732120152124185797e-01
-4.372765406342737915e-01
4.160088260955656647e-01
-2.327746488489734755e-01
1.148816954365674547e-01
8.524682973997741442e-01
-9.745544542412716282e-01
2.521644235795590383e-01
9.365791486286618728e-01
9.155097102374152307e-01
-8.962217126713671878e-01
6.378293010939564134e-01
1.914181581960627820e-01
-3.285374747302698406e-01
4.041879954426936816e-01
-2.119440222564799026e-01
2.264841620456021776e-01
-3.754260426561615294e-01
4.038117317349791957e-01
-1.690692176438035599e-01
-2.210716424154484105e-01
1.905937614606949548e-01
-4.781456268779749053e-01
-7.977701713966567354e-01
-8.989837461015688369e-01
-9.184881213188167415e-02
9.656582828394648654e-01
2.633657135038194319e-01
1.372126552999697324e-02
-7.281009074174287221e-01
-5.279106180515977798e-01
-8.374349600818946637e-01
-3.874682939451412622e-01
-5.197353879742268035e-01
9.816408589851413069e-01
-8.666329868781004198e-01
-9.726740764651076177e-01
-3.398114690848839103e-01
4.809575250034565652e-01
2.983872223245165323e-01
-3.197088952233770875e-01
-3.048555233976388834e-01
8.477114582022624578e-01
-9.367438774678111812e-01
-5.051154337878158707e-01
2.917231766567418560e-02
-5.628590127634189866e-01
-2.001502391793505975e-01
6.530311057715734169e-01
-1.053617599154863527e-01
1.508970301392242863e-01
6.205265261959649337e-01
9.863622554430919731e-01
-3.238236073110296598e-01
-9.746444537294962629e-02
-3.365094665779366778e-01
-8.976651723541377859e-01
2.202803253084431034e-01
-5.808576601349026980e-01
-8.597012980869849219e-01
-6.820270657863747310e-01
-6.344393669981163164e-01
2.183075756880437091e-01
-9.409717619318815895e-01
1.360223676344989308e-01
-5.919947869654995642e-02
7.287442952172591415e-01
-3.495444472972450978e-01
-3.388213332715246384e-01
7.166179219965445046e-01
9.857917502398501064e-01
-9.233782933343175348e-01
6.769586554476627605e-01
-4.239327495017699565e-01
-1.168164302167304935e-01
-7.460116800593898923e-01
-2.317464527336265956e-01
9.486303425238578058e-01
4.170679670817880602e-01
1.469949114190245432e-01
-4.371226242910912774e-01
-9.363062673668325342e-01
1.362186711198332123e-01
2.611781619607065341e-01
-5.856527194076659448e-01
-4.706733919098595731e-01
-4.137665366928386934e-01
-9.155768796341041682e-01
6.603929198754758811e-01
-3.080850096652814063e-01
-5.170728976146274913e-01
-8.620878295102518685e-02
6.817860646454609874e-01
-7.212142909568053373e-01
-3.123275865945878138e-01
-7.650514675759128025e-01
-7.213352699968360593e-01
-5.572188469508772002e-01
-4.357254513127015727e-01
-1.587364986781469867e-04
3.116574773394507059e-01
3.993131049641585051e-02
6.646795825375260147e-01
4.601068846033664617e-01
-7.733252641755099521e-01
-8.342712643403102923e-01
1.154384071916467747e-01
-9.731395603214705314e-01
1.233464589775139508e-01
3.077162461009863570e-01
9.759849029751546112e-01
-5.239308484329212590e-01
4.734250373203672257e-01
-5.026924686180620494e-01
3.006372408222286463e-01
-2.441057726408790707e-01
1.275038341218790450e-01
1.147394825283347686e-01
5.645626790888589319e-01
9.864235235479710262e-01
-6.965917512859132188e-01
3.211494604630014127e-01
-5.753086839715706446e-01
9.262566053168410640e-01
-2.248394054277382814e-01
6.814479053010928933e-01
-2.196706913488715163e-01
7.512080468686517243e-01
-7.517421432438931017e-01
8.885529882280300829e-01
-1.684007560718314700e-02
-1.209252884918849968e-01
2.946428990534464276e-01
3.180061629201280660e-01
-6.755635926354393028e-01
-3.889648687428846063e-01
-2.396214512432792709e-01
5.319202934353974843e-01
8.140942291781758655e-01
-5.911203731667555861e-01
4.785727537092809847e-01
6.546564793889004807e-01
-1.003027190570333627e-01
-4.272070665858884730e-01
2.365698615813083272e-02
-1.354016375542337336e-01
-8.706533658005166654e-01
4.543653868948165364e-01
1.136860013357821053e-02
4.126584391675833796e-01
-6.789905608156590056e-01
9.342159589615457449e-01
2.215019117006680194e-01
6.722915531964597236e-01
6.649518931583706660e-01
7.947693578186920682e-01
4.617972998641282079e-01
2.523589485727519843e-01
-9.086089044447867025e-01
4.859135630395985395e-01
7.130183562193395108e-01
-9.122373161581303069e-01
9.658434527382360191e-01
8.952006410931303559e-01
4.443700620451302985e-01
-8.185224399141772800e-01
-7.219710368242735488e-01
5.839149829569061367e-01
-8.304020475033508930e-01
3.013474205579989018e-01
-6.718570827709313686e-01
-2.638016495187223143e-02
-7.813791253542456960e-01
-9.463451705904593059e-01
-1.747140108397760017e-01
-9.160795432800152849e-01
3.587868362214761131e-01
-1.739140359079289766e-01
-5.795775418335635809e-01
-1.644711942523580106e-01
-9.964612923153939317e-01
-1.129418324461264334e-01
-1.916924026920010515e-01
-5.736108995162469970e-01
-9.883362580479675419e-01
1.054828250812642754e-01
-4.371094967610056337e-02
-9.673963778892313847e-02
9.901931171498472573e-01
-3.715897727439498865e-02
-1.647962685333104194e-01
4.446756416102870535e-01
7.174930315688430316e-01
-8.084526152939119914e-01
-9.614504590117896043e-01
-9.279252939866242667e-01
-1.419517203723552612e-01
-7.642621215902398735e-01
3.894456628773610429e-01
-8.831277582395244963e-01
2.773016138604647018e-01
4.196423071964181517e-01
3.258952931695269228e-01
-8.273043971655249518e-01
-7.741841467586039194e-01
7.715416958413257031e-01
4.626741995392169571e-02
8.105539091619375913e-01
2.891971999953979466e-01
-9.883135451146207728e-01
7.569398677160912303e-01
6.415589743778347120e-01
1.953354327425838033e-01
-1.216713837120220187e-01
3.416860464258495433e-01
5.568680191839150417e-01
-1.485684919865501996e-01
-9.278077749582123168e-01
4.599354727813720345e-02
-6.418819279273135781e-01
-9.187075896495235927e-01
9.886382617003903750e-01
2.055079115794051781e-01
9.928772182313490013e-01
6.665205746228570760e-01
-4.561075643517371603e-01
-2.646171950778877235e-01
7.336740591496926367e-01
8.280206797446383327e-01
-6.054627995871699753e-01
7.588754954880694292e-01
-2.056271181584303775e-01
9.601399001567918479e-01
-7.690028795388408334e-01
-9.557683497149769281e-01
2.977381429754017983e-01
-5.677769612927963117e-02
5.281488355506795962e-01
-9.944047234734787466e-02
-2.168407869073141203e-01
-5.467823174640362716e-02
7.187734644721179844e-01
6.991545454030243523e-01
-8.740595942755493564e-01
-5.883211003082824408e-01
5.578590017936955192e-01
-8.745970262629860770e-01
5.382957379298376477e-01
-6.127036599800703698e-01
6.107944707857928535e-01
-7.638257139712176791e-01
2.360125950087432756e-01
5.148274557390335460e-01
9.778783105065591563e-02
-4.777056843573304068e-01
-8.362232926939707767e-01
7.584408610324959721e-01
-9.655744036371776140e-01
1.233197834274382121e-01
2.784584882018714680e-03
9.664762272935043530e-01
