-7.103563504372700788e-01
-1.426037808755444836e-01
9.898216600250533403e-01
-3.923800985349434889e-02
-6.972573455222792482e-01
6.235403780131958396e-01
7.715355497942688601e-02
7.795461663739668978e-01
-9.776341598447972903e-01
-3.680783485167109514e-01
4.316527706057982083e-01
-8.646962187215316842e-01
-4.005056532390609547e-01
-4.788515346646304849e-02
-3.983194398637559530e-01
-4.733153779010970119e-01
5.445428539519914235e-01
-2.059487270034621176e-02
8.454489823306177154e-01
1.136062877940602345e-01
4.378217581741725706e-01
-2.917180723340195847e-02
1.550216963429553729e-01
4.570174419844459379e-01
3.883924781586549635e-01
-9.042488026094948061e-01
-8.668207753463879062e-01
8.932164909565445399e-01
-4.952911680660980753e-01
7.974906457269059779e-02
2.034819685999076366e-01
1.889217281882749067e-01
5.611240900014269339e-01
-2.709152187697365655e-01
-9.023292986725137688e-01
-1.588088517274774958e-01
-9.988784634468508283e-01
6.406155507036943586e-01
-5.401209669032560612e-01
-1.331111595991554264e-01
8.111596711092514678e-01
-3.340721433877480440e-01
-4.591311912222977298e-01
7.744917886915601013e-01
-8.166086292963381510e-02
6.156154592300779882e-01
-4.813901151828285929e-01
5.308414005263746294e-01
-6.790336351072223664e-01
-2.408547213691840660e-01
-3.796664914337579688e-01
-5.090136351121492542e-01
-7.390636391506659741e-01
-4.014348518099364327e-01
-8.485172462382466474e-01
-6.618488122093797443e-01
9.907436778619593820e-01
-9.767550030445180109e-01
2.956705058690856092e-02
6.083583224398749767e-01
3.258652060596314293e-01
-3.846953636445169522e-01
3.618368247628385159e-01
-2.933728892018458989e-01
1.804353159747322799e-01
-8.197155793812644919e-01
-5.802503368631528602e-01
1.417215883744571414e-02
-6.361571304216024902e-01
8.000084807433167633e-01
-2.428059125876658175e-01
-8.894057303837883399e-01
-8.444913201482580067e-01
4.023969523041872609e-01
7.378031921676537763e-01
-1.626428180877736995e-01
-2.583391507641197293e-02
1.837682996935452451e-02
8.333089649951521682e-01
1.610706908972647788e-01
-7.974179216713650487e-01
-6.507718911198134837e-01
-8.350532005256150470e-02
-7.651319253876005533e-01
1.997705485329217545e-01
-4.457657732884672264e-01
2.930092234800873996e-01
8.187605533612292152e-01
-8.993000146567924347e-01
-8.477962384369699400e-01
-3.893852132052924020e-01
7.410906224061792891e-01
5.278537443269344376e-01
-7.342346146159772768e-01
9.314087679177631696e-01
-3.062565898175679813e-01
-7.629034587467391493e-01
4.802947703096038801e-01
6.605235314232813515e-01
-1.400257536525284507e-03
4.132852459892517594e-01
-5.774006864185357024e-01
1.494609272202895855e-01
7.239394836781418707e-01
-2.176652152017761743e-01
-9.241028303267520005e-01
-6.754510364733470329e-01
-5.713982114320619310e-01
6.791672043466647768e-01
4.409248609064695401e-01
8.304339750639362361e-01
5.350485054900238069e-01
7.308763986400679258e-02
2.293846498491531882e-01
-1.630632001283078836e-01
6.905417539753131440e-01
-6.943182774376255306e-01
1.516368188507615233e-01
7.224301021973613679e-01
-8.110489513485896751e-01
7.461587218537482080e-01
9.054788832224887063e-01
-5.956460976716049238e-01
8.528276781209391810e-01
-6.119314836516132061e-02
-2.964108736951915901e-01
-7.018319645897774794e-01
-3.453731714571497413e-01
8.196340106403581238e-01
5.750493062404335998e-01
-5.619524939313391698e-01
9.815971541944097378e-01
-2.441403273916242789e-01
-5.114364011794099163e-01
-5.940873959318822006e-01
8.333464252552733598e-01
4.369144747697759623e-01
8.421068772045219308e-01
-2.901991347891719197e-01
3.465992311502330558e-02
9.807340758053586516e-01
3.235738746803380472e-01
-6.196413388958796897e-01
1.753252376979315130e-01
-5.553561613470625602e-02
-5.293314453260722363e-01
5.347536629725304635e-01
6.665206215509775767e-01
7.162446103629469540e-01
-6.971401937884953437e-01
3.790040635141298520e-01
6.989812787960332230e-01
7.068096800393595114e-01
-7.224402901905611074e-01
6.400744488946559230e-01
2.784548265363293584e-01
2.161231860264758442e-01
9.076116880963978062e-01
-5.632533070478951132e-01
4.318800849218535909e-01
-4.426732961431532054e-01
-8.869542162535095642e-01
1.115131272690927933e-01
9.061876632534904275e-01
-7.389264581730208281e-01
-8.374811437806806147e-02
8.937760979184607990e-01
4.001864681283147096e-01
4.995509732167342509e-01
-7.455212073296604292e-01
-1.702211995227997932e-01
-7.803515905227893512e-01
-4.745509855830958301e-01
5.483648851254077083e-01
5.456846169454374618e-01
-2.333776520673296329e-01
4.491688340093025200e-01
7.789838743842540936e-01
-4.693456681843615197e-01
-4.902789683102797280e-01
-3.807108348469534498e-02
-6.588203858632470933e-01
-1.572629597502039900e-03
8.805576147144043020e-01
6.956827665490759038e-01
9.194216747309329474e-01
5.784051322394256900e-02
-5.782750838723225151e-01
-5.894016421663879068e-01
7.493400604872402226e-01
-1.872361608467176808e-02
3.033730446780731338e-01
3.371235439038000603e-01
4.489932129795048965e-02
-3.145379576129159194e-01
1.149761089608198894e-01
-2.547201464964565787e-03
5.580839322771193878e-01
-9.029406829962582925e-01
-2.986773405485032562e-01
6.539620877905263363e-01
-4.671148504587407935e-01
6.887200210804214073e-01
4.046224339939730186e-04
-4.611459007068363647e-01
-9.194377232249948406e-01
-7.284773620378537373e-01
3.068842233815545217e-01
-1.446788156720508756e-01
4.513488097785829378e-01
4.215752836488744215e-01
1.286166251120417492e-01
-5.013078322578967683e-01
-5.917607970418345964e-01
-5.174254961432760425e-01
3.242676297269830865e-01
-1.982790307905757388e-01
-4.890517466504418209e-02
8.546442257338222603e-01
-5.157739744094902434e-02
5.407480862682390033e-02
2.665464667125689857e-01
-9.671345931063872747e-01
-9.068735689747720041e-01
-6.913790728306585809e-01
8.200735455002070573e-01
1.599927018157822900e-01
-8.319476927217426265e-01
-6.056838542115323687e-01
-1.963908491016164160e-01
-3.976852588398125388e-01
2.135063792227742674e-02
8.158202276041914836e-02
1.788597279371066939e-01
-5.707923574253666033e-01
-6.752955491852561387e-01
-3.823152623761811864e-01
5.208705544275804566e-01
1.869705078830314893e-01
6.024023891404708397e-01
-6.489316855532920592e-01
-6.765834489732363011e-01
-4.953926626656819376e-01
3.246772985294552605e-01
-6.589500002139736523e-01
-2.605965746537293182e-01
9.415919555574501221e-01
9.764056009391266500e-01
4.926432388382089300e-01
-1.890931519014122930e-01
7.718016197799615341e-02
-8.005906576125441099e-01
-9.218689685611189955e-01
5.909352418453268641e-01
5.902933486772024008e-01
3.176737790849761822e-01
1.028423464819816502e-01
-6.944151264228886067e-01
4.784289327185284879e-01
-8.170315118883135774e-01
3.125828430934898261e-01
-3.460629122179776918e-01
4.818874210471142394e-01
9.788710241256040057e-01
7.469137120019710974e-01
-2.722696744016772641e-02
4.418622449538287533e-01
6.802026335430912951e-01
-7.086425474096991195e-02
1.370638776145209903e-01
-2.266575119838512009e-01
9.232052975526632288e-01
1.357519091162306957e-01
-4.370521728929077643e-01
1.201540298701320175e-02
-1.152721485185175254e-01
-9.210350381792653529e-02
2.054535930850822645e-01
7.485595015219037585e-01
9.058033185887892635e-01
-7.288204683517813809e-01
-6.579566061221966411e-01
2.915410017735515780e-01
7.175487887865175107e-01
-5.661137004626033420e-01
5.729771330509576543e-01
-6.262060010091485829e-01
3.458905994027063890e-01
-8.245721950597397765e-01
1.170810593069371297e-01
6.591791531356936407e-01
1.562884651504863331e-01
6.481569615587414734e-01
-4.947792891363680390e-01
8.343066926143529738e-01
8.793563904738510573e-02
-8.987144820228518682e-01
-6.250824336385536473e-01
3.232368645842953470e-01
6.018498220033781099e-01
