5.988786413877524861e-01
-5.842966922892769421e-01
2.071193908297976893e-01
6.030268248026242617e-01
2.795179108703398363e-01
1.633714575935132363e-01
-6.886532738386252905e-01
-1.594898385302305766e-01
-8.663171735014409958e-01
7.560698795053699683e-01
-1.020550808254636621e-01
-4.093716006135457164e-01
-9.369172405222923050e-01
-2.761984248849982393e-01
4.544069818587785914e-01
1.577519440971686393e-01
-4.609907180984853525e-01
4.219325554996153915e-01
-3.323504889906514492e-01
3.706793469015192688e-01
4.010193291361170420e-01
4.668546253716820971e-02
8.653369151764234157e-01
6.920875603517537833e-01
-2.385116242505300743e-01
-8.441979985404188813e-01
-3.881024660183294284e-01
-5.459616350839635590e-01
6.442515035416838121e-01
-7.297366913068781269e-01
8.199269070742123411e-01
-2.015561721653731375e-01
4.848746546662130452e-01
9.345134351259478667e-01
-2.928444809966084250e-01
8.204165295372567446e-01
-5.690018227226680825e-01
-2.756610281308653487e-01
-6.927288929115471561e-02
9.252041424619623644e-01
-7.234080686337667210e-01
-8.394329746197535247e-01
3.556405125820787383e-01
-5.679389283792719567e-01
7.560179249196881113e-01
-9.867327800679184246e-01
3.074769422023366783e-01
-2.799758918986272604e-01
6.066138247811898587e-01
5.457202604867086304e-01
6.061874101423794237e-01
-6.815588048380663011e-01
6.264344053332879803e-01
2.988021374869009872e-01
-7.927288936450977985e-01
-7.664201162467210171e-01
-2.731138905549201912e-01
3.166706072436120678e-01
7.108452170951313764e-01
-9.725559092853526266e-01
-3.843295247636784318e-01
-6.411758299265282179e-01
-7.392172779554428974e-01
2.373387822258157254e-01
2.009282164669246029e-01
5.275224027794331860e-01
-5.059954896592797624e-01
-8.390090998611241524e-01
9.763872398191897339e-02
7.196879118662460328e-01
6.950634661029970740e-01
1.947991696244939508e-01
5.636145067432323241e-01
4.080862295386711303e-01
7.838655670095810990e-01
-7.391615806173175152e-01
-3.743958550138148933e-01
4.509032540883768370e-01
-9.638151269886154893e-01
-3.765778106789594570e-01
8.098769175450561963e-01
-8.286315168728186631e-01
-4.978200063946804921e-01
2.420669987222798802e-01
7.016700927751069461e-01
7.804695767085683134e-01
8.021624665048983083e-01
9.677215348278129792e-01
-6.367197412743708096e-01
5.075820682562164343e-01
-4.090142220970085507e-01
-1.044976120740059855e-02
6.995190901031702602e-01
-5.245409556951274865e-01
9.141260418386281117e-01
5.650710276657580078e-01
2.251261518710689913e-02
-1.074748886053633612e-03
-6.982872959978410066e-01
-4.805128035548544840e-01
2.269685343510583486e-01
-1.841960214457474265e-01
-8.729825512532254361e-01
-3.805165493111075659e-01
-9.520156455756152436e-01
-1.356499148232450658e-01
3.752336548711208142e-01
9.704271013841381244e-01
5.367119243084448321e-01
7.395748232037984149e-01
-9.732178364453638597e-01
-9.324791849477291894e-01
-6.711337089471842710e-01
-2.722954810515716417e-01
7.088263811863899644e-01
-4.292753403287969949e-01
5.631277819303934784e-01
8.569921674825435876e-01
2.815090661663792737e-01
-6.678216432517325440e-01
-3.109154643440970034e-02
-3.864804792481524309e-02
6.717283755529861455e-01
-8.033904462551388903e-01
6.442907219908013960e-01
-6.947578114991230791e-01
1.890453957733608803e-01
7.404938093247894759e-01
9.435215428044618768e-02
5.835445335569275915e-01
-7.412745702996537123e-01
9.821621674397953417e-01
7.110643623096177812e-01
-2.090287189354829156e-01
-7.163163360176487693e-01
-2.605708450181738467e-01
3.423815688191089723e-01
9.676297609381530052e-01
-9.891874747885867070e-01
-8.935099362457310512e-01
-8.023177478987388866e-01
-4.384518454321661984e-01
3.693156288671264331e-01
4.899398105233698786e-01
-8.011134336559000424e-01
-6.337223221907781756e-01
-8.752026225488027666e-01
4.953254537998705853e-01
-5.509321414823862284e-01
-9.801804335464749940e-01
-9.400999302715873363e-01
4.401354700880542037e-01
-5.330278694041279408e-02
3.654767539997028081e-02
-8.444811288010667383e-02
4.834507673141552608e-02
-3.185361725420301493e-01
-7.028332138629311832e-01
-6.766926928885326209e-01
2.097797648161796591e-01
4.199036858844580333e-01
1.891897888024027807e-01
2.218337054629508920e-01
-6.389563472703683189e-01
-3.596045504831850703e-01
-8.463857758067656611e-01
9.610664385254310549e-01
-6.889608181173640933e-01
-2.727472563262929306e-01
-4.412979008284338978e-01
7.277364667462176140e-01
5.015643435287882035e-01
8.044561358187789502e-01
2.844757473618073629e-01
-7.624189281476716484e-01
-7.847668319310052709e-01
-5.132949852282926440e-01
3.951631718057255771e-01
-5.752347103731714206e-02
-4.132599526225724240e-01
7.778224969378841891e-01
4.667119416562259815e-02
-6.359633004283684610e-01
-8.821632155057168578e-01
3.583087245066989279e-01
8.002180316320126607e-01
5.421860091809103110e-01
-3.659318583326778285e-01
8.895314722876455082e-01
-9.598423834826108614e-01
-8.402388745963207395e-01
-3.693485092519910307e-01
8.790545136697249795e-01
-8.365838415719708543e-01
9.509430445581268376e-01
-5.193599786464973000e-01
1.695578464790175044e-01
5.106478835770051905e-01
-1.457248314729551186e-01
-1.555660478926792489e-01
3.255929168324578349e-02
5.321365316429054193e-01
3.971697316965763225e-01
-3.066814605061152221e-02
-6.936095917952684875e-01
-2.237811680659400615e-01
-8.537082852149580070e-02
4.179327869288165243e-01
-8.922280325767095732e-02
-2.626189785382626596e-02
2.782473954748931888e-02
-3.158863957209530060e-01
-9.491647482539071756e-01
3.626192970692978523e-01
6.332137583838743922e-01
-4.114652276734089842e-01
-1.525580682501401775e-01
7.096986542892846916e-01
-1.558498737831901515e-01
3.333830096518106689e-01
3.409852866029341456e-01
1.062266664909066183e-01
8.847604704805864806e-01
-5.171111796872041033e-01
1.602973652236197033e-01
-3.638309564072850222e-01
5.916844857168233052e-01
8.439915303186151796e-01
-5.549488831721496318e-01
9.268890030859453510e-01
5.943762801313383637e-01
-3.960784027215424885e-01
4.933698957762111537e-01
-5.225282920566187705e-02
1.775807601756071996e-01
-4.057795979776779305e-02
-1.915913975735477059e-01
-4.564488108699862323e-01
3.631682503619626523e-02
3.903775655512342624e-02
-9.685405723878079964e-01
7.673979656520104609e-01
7.765225372265294190e-02
-4.872298949046689476e-01
-2.903342502765653421e-01
2.771350157031895467e-01
-3.474766256565506861e-01
-1.155214279279552780e-01
8.724873108834563240e-01
3.607941116791764102e-01
5.674037246085046338e-01
-5.917083028859499994e-01
-8.538452452770741719e-01
-5.301923086060809087e-01
5.400967837756001089e-01
-6.298977825085254612e-01
2.437887464826342665e-01
9.497183381412073189e-01
7.816253801310601990e-01
5.199119937543483783e-01
-9.374838110156655802e-01
-2.949212348706253817e-01
-1.577932225148035439e-01
5.511057675718022963e-01
7.279024080813698561e-01
-1.893194616064177715e-01
-3.446592199569153969e-01
2.363543273412462842e-01
5.568368926174338540e-02
7.978330008657066319e-01
-5.978232154794613784e-01
5.460812872494558157e-02
-3.791157951900547829e-03
-2.111983814547275795e-01
1.223339797733480339e-02
7.204687866973407129e-01
6.291762585431301957e-01
-4.914137962026501327e-01
-2.404840497446554259e-01
8.271877475219735487e-03
-4.072396943943938918e-01
-5.994415551330289915e-03
8.978312468575053718e-01
3.889128370719601158e-01
-7.065265301128182962e-01
-1.226706847317402538e-01
3.649216393401528702e-01
3.423406739987200353e-02
5.276046777278731170e-02
1.592961745766952042e-02
-9.062964228215866225e-01
3.890483569177429768e-01
1.552236138032991875e-01
1.595476040553536201e-01
-5.718832034903109651e-02
2.012458474969618383e-01
9.892246983426922213e-02
6.765566457035165904e-02
-1.779485772076883077e-01
-2.692207850629464438e-01
