7.296073285695972022e-01
1.183103074459439519e-01
-7.719908639469805767e-01
-2.932688563058452047e-01
8.716148981841251864e-01
-2.298947049777662066e-01
9.834258839423171139e-02
1.671702984745422338e-01
-8.630705543304735272e-01
-4.193701033820378399e-01
6.073376933835488156e-01
-4.497818906375874448e-01
-9.907718581316895534e-01
4.797273351836208732e-01
8.267821995488000564e-01
7.778411552263873041e-01
8.879218586020376502e-01
2.483668102756040330e-01
-8.405795914764733201e-01
2.941413755286792497e-01
5.601544508046942816e-01
6.983451580597681563e-01
-5.494744238707707229e-01
2.746112578643606916e-01
-9.420093664202908723e-01
7.777138422085634328e-01
-8.588436263163701234e-02
-8.175147258550783391e-01
3.802108275018756256e-01
-6.477684165752846113e-01
6.638662045286150004e-01
-6.144021923868538959e-01
9.607274266293182041e-01
1.250021968961383401e-01
-2.958013971212245519e-01
-7.140521140824909185e-01
-4.411051298916004448e-01
-6.736504694695681916e-01
-7.656825401030165068e-01
-3.881810320523304547e-02
9.677019644375426388e-01
-4.991078324967450630e-01
-6.451339722975835134e-01
-9.803342060609139264e-01
2.711641959922652667e-01
4.477736079768195321e-01
4.286902528037901394e-01
6.912293856621190002e-01
2.554552602947079976e-01
4.753474090233287264e-01
-9.490278023931741913e-01
-3.674717574690684607e-01
-6.177892368030619696e-01
-8.891848894547353943e-01
7.399548448995965089e-01
3.317624193277104450e-01
4.429794674284015521e-01
-6.830373240312588301e-01
3.164661408959630329e-01
1.813814583887620735e-01
-4.954751840707438681e-02
-4.090537968148704184e-01
3.406929995431318137e-01
-2.356155044298613443e-01
-9.435772015772425636e-01
5.365062683281234257e-01
7.234573916918418668e-01
-5.308823033638705446e-01
9.370004779089158298e-01
4.466940935550549607e-01
9.836926068250351207e-01
8.127891952709735968e-01
-8.855359567857834513e-01
-4.871441649372847404e-01
4.010956060665640255e-01
1.073524022844347670e-01
-3.837792810221578588e-01
3.622992458908089741e-01
1.831320270843390663e-01
-1.723383168768424234e-01
9.882461431636953009e-01
-1.282765108620653738e-01
-4.936471026239903637e-01
9.198115012915444311e-01
3.063536782745672760e-01
7.150314579937413484e-01
-6.888180201770013333e-01
-3.068823498228367974e-01
3.795662971904978367e-01
-6.911955124766555603e-01
-1.831954514986104954e-01
5.090785366610846019e-01
2.596420355099990918e-01
2.109494159934637292e-01
-1.487003599012148847e-01
-2.224100784582043744e-01
2.455694274224560214e-01
-9.717096870939057052e-01
-9.678742068157055733e-01
2.506456080041696843e-02
1.923018412643813235e-01
3.934846772541684690e-01
-2.248391435659924387e-01
4.326339399512442174e-01
3.216898054559187425e-01
-8.836859983660163564e-01
-3.147428105991725289e-01
4.966749752756720593e-01
-4.781337709923039192e-01
-1.714638698136421446e-01
-2.465695068439399673e-01
-7.314552784293053556e-01
-7.868369874435605649e-01
-6.800215203815300757e-01
7.215570662104193733e-01
2.246351173760263720e-04
2.008487503692550913e-01
6.858369524434975162e-01
-3.584374954129165847e-01
-6.518360046083684356e-01
9.437527972066708237e-01
3.456336198719294206e-01
4.857177535761796339e-01
-6.527698911593493580e-01
7.178581494399911556e-01
-8.857008929499854410e-01
-8.795458581678681220e-01
1.312409670509151471e-01
3.760848164526422455e-01
-8.765675231330272155e-02
-5.948782005213284485e-01
5.494885077400768481e-01
-1.233435651260847976e-01
6.438303193561245585e-02
2.810188988287636302e-01
-2.920111141960850532e-01
2.696231601228185060e-01
5.639839720001105228e-01
-9.030758070443110075e-01
3.448549546359078732e-01
-4.123714159745275332e-01
-1.964649399502982341e-01
3.953902043418850987e-01
8.561973845375641101e-01
6.161932409237420583e-01
-7.785638240745968996e-01
-2.659142084140448947e-01
4.668435248902205181e-01
9.314447238251628569e-01
6.877731739547949807e-01
6.158018731964753911e-03
-3.065742754884259735e-01
-2.887697304921776897e-01
2.839391046529382567e-01
9.477361690546242112e-01
-6.751915291631676030e-01
-9.574798791233130046e-03
-8.497876153510068864e-01
3.430408898280496999e-01
2.418332568991290454e-01
3.296134758829358802e-01
4.487326119834733618e-02
-6.177014483479266183e-01
2.516987246558270996e-01
-1.298996452999119366e-01
7.555859038893351087e-01
3.011432619597946836e-01
5.466353698947701290e-02
9.727450806353459267e-01
-9.452749257633090707e-01
2.565619517562236496e-01
8.055878826085167699e-01
-2.748093327993601509e-01
-9.653869857187404868e-01
3.360043108960253377e-01
-5.902996060849157178e-01
5.739907454355301919e-01
-1.624319843932811036e-01
4.562025980882249421e-01
6.473482235942904506e-01
7.951274944779864740e-01
-8.340300409242304980e-01
-8.724152766864539110e-01
4.469520675613409821e-01
8.120990475940090825e-01
-8.018164362021693581e-01
2.525646599468567288e-02
1.332199292740221530e-02
2.280997206780519537e-01
-4.727427306018761044e-02
-6.420242870516523759e-01
-9.671963811417867429e-01
6.532917635543846746e-01
5.875043591688844380e-02
-4.333628492573158297e-01
-5.753728640291317920e-01
-3.728325292647012290e-01
4.492755414439830730e-03
5.967161195619146152e-01
5.467645434800596504e-01
1.635949452761635836e-01
2.457861598696795546e-01
4.707148613546536797e-01
-3.272173988331996686e-01
-6.918680125384695234e-01
3.249203252279730947e-03
-5.525853493990358078e-01
9.647732230111618623e-01
-8.247375489463311116e-01
9.609228539461500684e-01
6.648677895826287099e-01
-3.845284168815612524e-01
8.537540326276458202e-01
-2.390941346852673011e-01
-1.774160912395272849e-01
-7.067696532324099223e-01
4.574617452828357855e-01
9.605474666333908562e-01
-4.642025620755172444e-01
-9.032089586568914363e-01
-3.831380498111729427e-01
8.037013530331069688e-01
2.609702765112917877e-01
7.138821946297284615e-01
-8.311181645150216291e-01
-4.321501534120670840e-01
-5.239303612482493211e-01
-9.411577589544826150e-01
-5.351867558892331456e-01
9.147624274570080871e-01
1.543739938088517505e-02
-7.628243120242261810e-01
4.405970825168157301e-01
-2.219593303535449813e-01
-1.529295412311566515e-01
-5.973646255242044401e-01
2.827613878663042257e-01
-1.408102070946763984e-01
-3.673709991113449647e-02
2.466420250066654329e-01
-2.925538701495147276e-01
-5.743978302136307779e-01
8.342226885041081896e-01
1.464272321039516989e-02
-2.026973515382848312e-01
1.960480531419528383e-02
2.808128868980130921e-01
-8.373406151599391833e-01
-7.191048097392724880e-01
3.275249652750842344e-01
4.548330233223676355e-01
5.351642301335695073e-01
3.809340601647874802e-01
-4.556792536266758287e-01
-3.309620072507726274e-01
8.528117105966825928e-01
-1.053085509951516840e-01
1.744431860283037761e-01
8.425842065057016494e-01
5.303467544505431341e-01
-6.150571945740217483e-01
-6.026621188448022526e-01
-9.304624912413201887e-01
-9.630326397847968067e-01
-4.611987414844889166e-01
-9.318725889737959900e-01
7.062489931586599656e-01
4.575591419579243535e-01
2.325809645059471187e-01
1.706111041873068501e-01
3.442318037637646100e-01
9.185302215061739162e-01
-4.848187429610697485e-01
8.551314146264905602e-01
7.286142057976161546e-01
3.256684644092266989e-01
4.040555015755857848e-01
3.634095128067107439e-01
-3.561092253514586137e-01
-6.138479450150564620e-01
3.379453877449751786e-01
5.399104366044955583e-01
1.780135744292139499e-01
9.778613282801056350e-01
-9.530617805489645100e-01
1.383233969920532047e-01
7.641205732432267972e-01
-8.827246512549735691e-01
-7.318615713081280116e-01
7.453101090071501122e-01
3.768249787994182309e-01
-9.075235588519965368e-01
7.696538845298195319e-01
-7.399425742033449716e-02
-7.569068836905366027e-01
-8.074842973052447359e-01
-7.115428292584891068e-01
9.914083644529834149e-01
-9.223451094286445606e-01
-8.745012207893974043e-01
